1
[0.0, 0.0, 0.0, 0.0, 0.0, 0.0, 0.0, 0.0, 0.0, 0.0, 0.0, 0.0, 0.0, 0.0, 0.0, 0.0, 0.0, 0.0, 0.0, 0.0, 0.0, 0.0, 0.0, 0.0, 0.0, 0.0, 0.0, 0.0, 0.0, 0.0, 0.0, 0.0, 0.0, 0.0, 0.0, 0.0, 0.0, 0.0, 0.0, 0.0, 0.0, 0.0, 0.0, 0.0, 0.0, 0.0, 0.0, 0.0, 0.0, 0.0, 0.0, 0.0, 0.0, 0.0, 0.0, 0.0, 0.0, 0.0, 0.0, 0.0, 0.0, 0.0, 0.0, 0.0, 0.0, 0.0, 0.0, 0.0, 0.0, 0.0, 0.0, 0.0, 0.0, 0.0, 0.0, 0.0, 0.0, 0.0, 0.0, 0.0, 0.0, 0.0, 0.0, 0.0, 0.0, 0.0, 0.0, 0.0, 0.0, 0.0, 0.0, 0.0, 0.0, 0.0, 0.0, 0.0, 0.0, 0.0, 0.0, 0.0, 0.0, 0.0, 0.0, 0.0, 0.0, 0.0, 0.0, 0.0, 0.0, 0.0, 0.0, 0.0, 0.0, 0.0, 0.0, 0.0, 0.0, 0.0, 0.0, 0.0, 0.0, 0.0, 0.0, 0.0, 0.0, 0.0, 0.0, 0.0, 0.0, 0.0, 0.0, 0.0, 0.0, 0.0, 0.0, 0.0, 0.0, 0.0, 0.0, 0.0, 0.0, 0.0, 0.0, 0.0, 0.0, 0.0, 0.0, 0.0, 0.0, 0.0, 0.0, 0.0, 0.0, 0.0, 0.0, 0.0, 0.0, 0.0, 0.0, 0.0, 0.0, 0.0, 0.0, 0.0, 0.0, 0.0, 0.0, 0.0, 0.0, 0.0, 0.0, 0.0, 0.0, 0.0, 0.0, 0.0, 0.0, 0.0, 0.0, 0.0, 0.0, 0.0, 0.0, 0.0, 0.0, 0.0, 0.0, 0.0, 0.0, 0.0, 0.0, 0.0, 0.0, 0.0, 0.0, 0.0, 0.0, 0.0, 0.0, 0.0, 0.0, 0.0, 0.0, 0.0, 0.0, 0.0, 0.0, 0.0, 0.0, 0.0, 0.0]
[0.48765161633491516, 0.1938791126012802, 0.04290543869137764, -0.5375180244445801, -0.8881576061248779, -0.8655874133110046, 0.2573421001434326, -0.7306800484657288, -0.9391845464706421, -0.949717104434967, 0.03530550375580788, -0.5728972554206848, -0.6575311422348022, -0.6766586303710938, -0.8536481857299805, 0.056401364505290985, -0.8733199834823608, -0.5327273607254028, -0.7339287400245667, 0.11665917932987213, -0.7064608931541443, -0.045995570719242096, -0.07818429172039032, 0.8735780715942383, 0.16038541495800018, -0.8880348205566406, -0.5956189036369324, 2.0027427673339844, -0.15360699594020844, -0.04008134827017784, 0.37503963708877563, 2.1657745838165283, 0.749281108379364, 0.16471008956432343, -0.14491896331310272, 1.2725638151168823, -0.416718453168869, -0.08837281912565231, -0.05415080115199089, -0.16773036122322083, 1.4725679159164429, 1.8856579065322876, 0.9082019925117493, 1.4841004610061646, 1.6597778797149658, 0.32301396131515503, -0.77659010887146, 0.17221342027187347, 3.9599454402923584, -10.626564979553223, -0.026774786412715912, -0.14213672280311584, -0.016674155369400978, 0.0020412576850503683, 0.26850631833076477, -0.06707318872213364, 0.07538054883480072, 0.04934672638773918, 0.07748843729496002, -0.35945767164230347, -0.12410023808479309, -0.03958906605839729, -0.9426604509353638, 0.130660742521286, -0.26748377084732056, 0.09310384094715118, 0.10632091015577316, 0.2024306207895279, 0.17493410408496857, 0.1674501895904541, -0.08892455697059631, -0.03127136826515198, 0.002765598241239786, -0.39272430539131165, 0.5310113430023193, 0.08258475363254547, 0.619619607925415, -0.7756918668746948, 0.08690983057022095, -0.017904702574014664, -0.06663374602794647, -0.10554654151201248, 0.16707466542720795, 0.2129373848438263, -0.054075539112091064, 0.0, -0.38999998569488525, 0.47999998927116394, -0.22206895053386688, -0.6671021580696106, 0.6765443682670593, 0.2189696580171585, 0.13564909994602203, 0.07727076858282089, -0.31115713715553284, -0.9374483823776245, -0.029875095933675766, -0.44993647933006287, 0.518572986125946, 0.0014131978387013078, -0.480968177318573, 0.8767326474189758, -0.002737890463322401, 0.0715051218867302, 0.18846793472766876, -0.019566413015127182, -4.608536720275879, 0.19808362424373627, 2.171018600463867, -0.012868223711848259, -0.4570261538028717, 0.5076205134391785, -0.02062687836587429, -0.589372456073761, 0.8071315884590149, 0.027446351945400238, -0.3157438635826111, 0.16694262623786926, 0.24840544164180756, -10.932867050170898, 0.961355447769165, -2.713305950164795, 0.014272630214691162, -0.4474818706512451, 0.52069091796875, 0.0014546028105542064, -0.34371697902679443, 0.9390628933906555, -0.00415980676189065, -0.10502362996339798, -0.003275832161307335, -0.3493877649307251, 0.6011418104171753, 0.09753439575433731, -0.07886277884244919, 0.03580687567591667, -0.4435701072216034, 0.5117002725601196, -0.021278884261846542, -0.41349977254867554, 0.9101871848106384, -0.011158415116369724, -0.13198675215244293, 0.2548978924751282, 0.19904211163520813, -16.758808135986328, 0.30736395716667175, -1.02065110206604, -0.07831695675849915, -0.3711654841899872, 0.5117694735527039, -0.14897564053535461, -0.6317250728607178, 0.7088255882263184, 0.276216983795166, 0.2256419062614441, -0.15577727556228638, 0.3295341432094574, 2.900938034057617, 12.49060344696045, 2.8025636672973633, -0.11310625076293945, 0.6482416391372681, -0.903425931930542, 0.011764881201088428, -0.0066603245213627815, 0.0024556671269237995, 1.4007418155670166, -0.43186667561531067, -0.31997498869895935, 0.0428687259554863, 0.010609263554215431, -0.0038599055260419846, 0.4482981860637665, 1.8491714000701904, -1.574415683746338, -0.011851494200527668, -0.00041338580194860697, -0.0003584481601137668, 0.6814361810684204, -1.0266077518463135, -0.5364684462547302, 0.0909217894077301, 0.0012500433949753642, -0.0018126224167644978, -1.1428271532058716, -1.499830961227417, 0.30880895256996155, 0.01761954464018345, -0.0129861393943429, -0.044670555740594864, 1.0, -1.0, -1.0, 1.0, -1.0, 1.0, 1.0, -0.3507639169692993, -0.23199370503425598, 0.33816632628440857, -1.0, -1.0, -0.19401803612709045, 0.2814940810203552, 1.0, 1.0, 1.0, 1.0, -1.0, 1.0]
[0.53656405210495, 0.044324010610580444, 0.04736916720867157, -0.322208970785141, -0.7600431442260742, -0.8482199311256409, 0.3598465025424957, -0.5188430547714233, -0.8589726686477661, -0.9256864190101624, -0.06504988670349121, -0.41993433237075806, -0.7066999673843384, -0.6902676224708557, -0.8747303485870361, 0.08469884097576141, -0.6465176939964294, -0.31026580929756165, -0.5453259944915771, 0.16613203287124634, -0.45738911628723145, 0.04381803795695305, -0.12436708807945251, 0.8923406600952148, 0.20192451775074005, -1.1495054960250854, 0.35920360684394836, 1.9863942861557007, 2.009610891342163, 0.4107967019081116, 0.4455529749393463, 1.8324307203292847, 0.7311426997184753, 0.24921603500843048, -0.5576757788658142, 1.478743314743042, -0.47301480174064636, -0.14883746206760406, -0.10992012172937393, 0.27367615699768066, 2.4322476387023926, 2.1519405841827393, 2.3734424114227295, 0.1505940705537796, 1.8484522104263306, 0.16521315276622772, -0.035433847457170486, 0.17213483154773712, 1.5031123161315918, -1.9746567010879517, 0.2876025438308716, -0.19111178815364838, 0.14611756801605225, 0.0881669819355011, 0.07305971533060074, -0.29913222789764404, -0.12417920678853989, -0.04248049482703209, -0.06722381711006165, -0.12307210266590118, -0.04075445979833603, -0.013739248737692833, -0.11430960148572922, 0.18881231546401978, 0.11141227185726166, 0.05078669264912605, 0.0630016177892685, -0.18191713094711304, -0.07037999480962753, -0.05983494967222214, 0.15348197519779205, 0.04930723458528519, 0.0024117552675306797, -0.3944399058818817, 0.5278956890106201, 0.07477498054504395, 0.6311280727386475, -0.7684159278869629, 0.07498706132173538, -0.021197490394115448, -0.1167604923248291, -0.21390073001384735, 0.3829955756664276, 0.3334423899650574, -0.06546060740947723, 0.0, -0.38999998569488525, 0.47999998927116394, -0.22206895053386688, -0.6671021580696106, 0.6765443682670593, 0.2189696580171585, 0.11865152418613434, 0.06816916912794113, -0.3092632591724396, -0.9410796761512756, -0.03286302834749222, -0.4453434646129608, 0.5173061490058899, -0.0015164423966780305, -0.3934963643550873, 0.9193102121353149, 0.0051868986338377, -0.33218687772750854, 0.5146881937980652, 0.10510598123073578, -16.287857055664062, 0.093562550842762, -2.7942447662353516, -0.017863918095827103, -0.4542180001735687, 0.5055697560310364, -0.02706967107951641, -0.5225428938865662, 0.8505068421363831, 0.053424395620822906, -0.33394116163253784, 0.25982779264450073, -0.14545568823814392, -8.22133731842041, 1.8956665992736816, -3.1054699420928955, 0.013454907573759556, -0.4469747245311737, 0.513440728187561, 0.004168326500803232, -0.3520866930484772, 0.9358593821525574, -0.013594203628599644, -0.014876401983201504, 0.0314454659819603, -0.5052682161331177, 1.4663212299346924, -0.2556968033313751, 1.7714589834213257, 0.031965695321559906, -0.43944045901298523, 0.5124878883361816, -0.021821172907948494, -0.22062332928180695, 0.9750771522521973, 0.008579783141613007, -0.29564738273620605, 0.731529712677002, 0.25693267583847046, -28.640804290771484, 1.2253059148788452, -3.728764295578003, -0.07572802156209946, -0.37261632084846497, 0.5149861574172974, -0.08494985103607178, -0.6122305989265442, 0.7196432948112488, 0.31633952260017395, 0.1884871870279312, -0.06594711542129517, 0.21247239410877228, -0.9140670299530029, 7.338765621185303, 0.8382948040962219, 1.5751737356185913, -1.5075316429138184, -0.2547823488712311, 0.06555400788784027, 0.015542015433311462, -0.012445221655070782, 0.22097350656986237, 1.7623298168182373, -0.29481494426727295, -0.016045551747083664, 0.0011228772345930338, -0.0010235704248771071, -0.3352352976799011, 0.5913969874382019, -0.438766747713089, -0.004868293646723032, -0.003961615730077028, 0.00497792474925518, 0.8112090229988098, -1.0425900220870972, 0.05777743086218834, 0.04736276715993881, 0.005492773838341236, -0.007844801060855389, 1.8799428939819336, 0.8498090505599976, -0.1331527680158615, -0.0037425619084388018, 0.01922815851867199, 0.022751588374376297, 1.0, -1.0, 1.0, 0.8922990560531616, 1.0, 1.0, 0.47871020436286926, -0.4480106234550476, -1.0, 0.4853663146495819, -1.0, -1.0, 0.6738112568855286, 1.0, 1.0, 0.047615326941013336, 0.9818402528762817, 0.2767283320426941, 0.04991207644343376, 1.0]
[0.5908305644989014, -0.11833349615335464, 0.16667215526103973, -0.11765122413635254, -0.5120135545730591, -0.7531706094741821, 0.46395426988601685, -0.30473992228507996, -0.741438627243042, -0.8934938907623291, -0.20524026453495026, -0.2760956287384033, -0.6917359232902527, -0.6966525912284851, -0.890955924987793, 0.10320087522268295, -0.388301283121109, -0.09180010855197906, -0.27500292658805847, 0.15637058019638062, -0.21506915986537933, 0.007208810653537512, -0.11481031775474548, 0.9097212553024292, 0.19925765693187714, -1.1350547075271606, 0.5593497157096863, 1.839849829673767, 2.444293975830078, 1.6393886804580688, 0.41650262475013733, 2.064790725708008, 1.2766220569610596, 0.37338918447494507, -0.5825973153114319, 1.2543107271194458, 0.46124574542045593, 0.05297943949699402, -0.06801173835992813, -0.03546733409166336, 2.3587377071380615, 1.9473650455474854, 2.5317413806915283, -0.2612720727920532, 1.6729763746261597, -0.22666607797145844, 0.1055658832192421, 0.1536727398633957, -0.034127213060855865, 1.2424564361572266, 0.062304601073265076, -0.020821252837777138, -0.0037948342505842447, 0.06481997668743134, 0.007629792205989361, 0.07650236785411835, 0.060285408049821854, 0.02916395664215088, -0.022321363911032677, -0.039344146847724915, 0.044601693749427795, 0.028861455619335175, 0.21565240621566772, -0.05158931761980057, 0.05314607545733452, -0.03421662747859955, -0.023269327357411385, -0.09041120111942291, -0.09425879269838333, -0.1067088171839714, 0.046281054615974426, 0.01371534913778305, 0.002041874686256051, -0.3966285288333893, 0.522864818572998, 0.06624112278223038, 0.649315357208252, -0.7551113963127136, 0.061711110174655914, -0.02188565582036972, -0.1346246302127838, -0.3300960958003998, 0.6069385409355164, 0.34931984543800354, -0.05483311042189598, 0.0, -0.38999998569488525, 0.47999998927116394, -0.22206895053386688, -0.6671021580696106, 0.6765443682670593, 0.2189696580171585, 0.09265469014644623, 0.06047625094652176, -0.30709999799728394, -0.945223331451416, -0.037760164588689804, -0.4376567006111145, 0.5154014825820923, -0.003157674102112651, -0.23528073728084564, 0.9713091254234314, 0.03451933339238167, -0.2642568349838257, 0.844575822353363, 0.036569636315107346, -23.888269424438477, 2.2737765312194824, -3.511265993118286, -0.022340839728713036, -0.4494396150112152, 0.5028335452079773, -0.024956252425909042, -0.43907177448272705, 0.8942850232124329, 0.08274845033884048, -0.2230556756258011, 0.47525453567504883, 0.03897569701075554, -12.627886772155762, 3.4416539669036865, -2.5511136054992676, 0.012805829755961895, -0.4452366232872009, 0.5056285858154297, 0.0042531550861895084, -0.3410564064979553, 0.939555823802948, -0.029952989891171455, -0.04308205842971802, 0.18095709383487701, -0.4139614701271057, -3.1582651138305664, -1.0789304971694946, 1.7831579446792603, 0.028641339391469955, -0.4323671758174896, 0.512462317943573, -0.014078251086175442, 0.020892491564154625, 0.9993284940719604, 0.026603128761053085, -0.10197089612483978, 0.9207924008369446, -0.0785251334309578, -28.26010513305664, 2.1154444217681885, -1.7324671745300293, -0.07410357147455215, -0.372978150844574, 0.5164005756378174, -0.056294217705726624, -0.5924520492553711, 0.7275082468986511, 0.34141355752944946, 0.09881053864955902, 9.03857871890068e-05, 0.07362772524356842, -0.7980468273162842, 3.7498486042022705, -0.20483842492103577, 0.05012868344783783, -0.7123011946678162, 0.07477370649576187, 0.054135456681251526, 0.0010727210901677608, -0.0018529172521084547, -0.226540207862854, -0.833478569984436, 0.15914717316627502, 0.01666177622973919, -0.0015503407921642065, 0.0014836820773780346, -0.07025020569562912, -0.5444693565368652, 0.1227981224656105, 0.020694416016340256, -2.62498087977292e-06, -0.00028001927421428263, -0.48785093426704407, 0.5428891777992249, -0.1644333004951477, -0.01512598991394043, -0.0008386927656829357, 0.007072813808917999, 0.556799054145813, 1.2034715414047241, -0.044484253972768784, -0.011905509978532791, 0.004806568846106529, 0.009824750013649464, 0.8556846976280212, -1.0, 1.0, 0.9756985902786255, 1.0, 1.0, 1.0, 0.1176048144698143, -1.0, 0.45451080799102783, -0.2500259280204773, -1.0, -0.09853032976388931, 1.0, 1.0, -0.0200398787856102, 1.0, -0.8122541904449463, 0.021532725542783737, 1.0]
[0.6013040542602539, -0.25346630811691284, 0.294016033411026, 0.0138102937489748, -0.2607429623603821, -0.49872341752052307, 0.5628316402435303, -0.09844919294118881, -0.5774644017219543, -0.8018000721931458, -0.33325934410095215, -0.15411537885665894, -0.6421685218811035, -0.6852608323097229, -0.9045734405517578, 0.055299658328294754, -0.1562729775905609, 0.09773090481758118, -0.029076216742396355, 0.14031925797462463, -0.02526993118226528, -0.11395448446273804, -0.11847572028636932, 0.925346851348877, -0.0806407630443573, -0.8305613398551941, 0.49269920587539673, 0.8827134966850281, 2.250657796859741, 2.792073965072632, 0.39044567942619324, 1.8336080312728882, 1.6464651823043823, 1.4177707433700562, -0.4866971969604492, 1.10016667842865, 0.4771849811077118, 0.14287985861301422, -0.06839057058095932, -0.2901636064052582, 2.0281822681427, 1.646362543106079, 2.1083076000213623, -0.16058096289634705, 1.1946394443511963, -0.33771952986717224, -0.09395749121904373, 0.13754068315029144, -6.932955741882324, 4.139594554901123, -0.15676066279411316, -0.05851314216852188, -0.09312811493873596, -0.014633692800998688, -0.18948358297348022, 0.14699256420135498, 0.05439576506614685, 0.0626179426908493, -0.2055535912513733, 0.1622784286737442, 0.05143012851476669, 0.01755925826728344, 0.25180843472480774, -0.2093290537595749, 0.1457253247499466, -0.017648354172706604, -0.03521747142076492, 0.060092467814683914, 0.025828558951616287, -0.012382475659251213, -0.10826189070940018, -0.03419937565922737, 0.000872242555487901, -0.3984617292881012, 0.5171366333961487, 0.094375841319561, 0.6652546525001526, -0.7355049848556519, 0.08695827424526215, -0.06616777926683426, -0.10435456782579422, -0.37095528841018677, 0.654271125793457, -1.1822960376739502, 0.07582709938287735, 0.0, -0.38999998569488525, 0.47999998927116394, -0.22206895053386688, -0.6671021580696106, 0.6765443682670593, 0.2189696580171585, 0.08055884391069412, 0.10419723391532898, -0.3046584725379944, -0.9433113932609558, -0.0392715148627758, -0.43059873580932617, 0.5118057131767273, 0.01136531587690115, -0.027516989037394524, 0.9979156851768494, 0.05725359916687012, 0.11364920437335968, 0.7513269186019897, -0.22650805115699768, -25.255779266357422, 4.064467906951904, -1.2161922454833984, -0.022871263325214386, -0.44275349378585815, 0.5026372671127319, -0.008135766722261906, -0.3082609176635742, 0.9454777240753174, 0.10478929430246353, 0.18577483296394348, 0.6692487001419067, 0.2392778843641281, -19.784761428833008, 5.443519592285156, -0.30612534284591675, 0.014087795279920101, -0.44237908720970154, 0.49996840953826904, 0.0013069305568933487, -0.310727596282959, 0.9491245746612549, -0.05107841268181801, 0.1671060025691986, 0.2563583254814148, -0.2082098424434662, -4.418206691741943, -1.534756064414978, 2.5045578479766846, 0.02919265814125538, -0.4237474203109741, 0.5119403004646301, -0.007430672645568848, 0.2391965091228485, 0.9706737399101257, 0.022849708795547485, 0.16711503267288208, 0.8826367259025574, -0.21809230744838715, -24.575498580932617, 1.1843833923339844, 1.1935561895370483, -0.07156458497047424, -0.3739822804927826, 0.5163020491600037, -0.035621900111436844, -0.5850211381912231, 0.7304098606109619, 0.3506886959075928, 0.24142023921012878, -0.11195380240678787, -0.02096952125430107, 0.5138184428215027, 2.153463125228882, 1.454167127609253, -1.4632190465927124, 1.013530969619751, 0.27318117022514343, 0.0005692726699635386, -0.0014949130127206445, 0.01020363625138998, -1.547755241394043, -1.3329476118087769, 0.6493138670921326, 0.04262373223900795, -0.005168052855879068, 0.007711357437074184, -1.341346263885498, -0.7123652100563049, 0.7886582612991333, 0.0068737817928195, -0.003953058272600174, 0.0027544612530618906, -1.4683820009231567, 0.6491219401359558, 0.333823561668396, -0.025480641052126884, 0.004166883882135153, 0.011921022087335587, -1.5770494937896729, 0.00543252332136035, 0.13417133688926697, -0.005158306565135717, -0.00896658468991518, 0.00553300604224205, -0.15602867305278778, -0.7532793283462524, 0.8659366369247437, 0.3600703775882721, 1.0, 1.0, 1.0, 0.45998549461364746, -1.0, 0.5190781950950623, -0.342662513256073, -1.0, -0.502552330493927, 1.0, 1.0, 0.09191358834505081, 0.7884823083877563, -0.9578099250793457, -0.27817606925964355, 1.0]
[0.5408262014389038, -0.3055221140384674, 0.3707040846347809, 0.02680956944823265, -0.04032612964510918, -0.2093256711959839, 0.6479523181915283, 0.008399664424359798, -0.45130133628845215, -0.6275427341461182, -0.4382614493370056, -0.04270932823419571, -0.5774127244949341, -0.6673281192779541, -0.9301664233207703, -0.03951407968997955, 0.03784891217947006, 0.2382696270942688, 0.16453804075717926, 0.1458251178264618, 0.06809698790311813, -0.2095572054386139, -0.12264662235975266, 0.8500422239303589, -0.33525943756103516, -0.07329666614532471, 0.214167520403862, -0.2838848829269409, 1.9136043787002563, 2.544069528579712, 0.3200615346431732, 0.5403892993927002, 0.904865562915802, 1.5598348379135132, -0.4043854773044586, 1.015360713005066, 0.6690199971199036, 0.19780568778514862, -0.13228961825370789, -0.4456295967102051, 1.6736202239990234, 1.1141464710235596, 1.5523403882980347, 0.19115418195724487, 0.3952852189540863, -0.18372146785259247, 0.0032621293794363737, -1.1283496618270874, -6.2356858253479, 8.910663604736328, -0.14579063653945923, 0.14228004217147827, -0.06166624277830124, -0.05315752699971199, -0.1419690102338791, 0.13349823653697968, -0.06586511433124542, -0.0478195957839489, -0.1822664588689804, 0.4353310167789459, 0.14809860289096832, 0.04854634404182434, 0.5738769769668579, -0.14238959550857544, 0.3076866567134857, -0.009759305976331234, -0.04597604274749756, -0.0030796776991337538, 0.1508082151412964, 0.08165633678436279, -0.017657874152064323, -0.03503301739692688, -0.00015070999506860971, -0.3999103009700775, 0.509456992149353, 0.13924723863601685, 0.6843583583831787, -0.7051969170570374, 0.12231482565402985, -0.05869453400373459, -0.07894807308912277, -0.4888763129711151, 0.9053688049316406, -1.500171422958374, -0.013745826669037342, 0.0, -0.38999998569488525, 0.47999998927116394, -0.22206895053386688, -0.6671021580696106, 0.6765443682670593, 0.2189696580171585, 0.06509284675121307, 0.1690547615289688, -0.29625073075294495, -0.9377731084823608, -0.03629554063081741, -0.4273894429206848, 0.5095863938331604, 0.027660520747303963, 0.16142506897449493, 0.9849016666412354, 0.056084729731082916, 0.31558746099472046, 0.3932178318500519, -0.15740743279457092, -20.325199127197266, 2.9400813579559326, 1.4663691520690918, -0.019192837178707123, -0.43824464082717896, 0.5043433308601379, 0.013358603231608868, -0.168543741106987, 0.979455292224884, 0.10991771519184113, 0.3667598366737366, 0.3867625296115875, 0.22208820283412933, -14.274563789367676, 3.713346242904663, 1.1540104150772095, 0.018593309447169304, -0.4382178783416748, 0.5014841556549072, -0.0017436322523280978, -0.25219741463661194, 0.9644853472709656, -0.07849398255348206, 0.341414213180542, 0.40301018953323364, 0.3736974000930786, -8.93394660949707, -1.9647431373596191, 3.197300434112549, 0.03374718129634857, -0.41437822580337524, 0.5145066976547241, -0.013907164335250854, 0.41762927174568176, 0.9085111021995544, 5.087257522973232e-05, 0.3019297122955322, 0.784040093421936, 0.010079054161906242, -21.010061264038086, -0.3188397288322449, 3.434487819671631, -0.06744323670864105, -0.37600186467170715, 0.5164531469345093, 0.007960410788655281, -0.5943775773048401, 0.73381507396698, 0.328887939453125, 0.39141860604286194, -0.19637110829353333, 0.01339860912412405, 3.0561771392822266, 1.7230560779571533, 7.131191253662109, -1.132277488708496, 1.663506031036377, 1.2776697874069214, -0.028204936534166336, 0.005533183924853802, 0.011181348003447056, -1.0756617784500122, 0.9289539456367493, 1.469125509262085, -0.03388528525829315, 0.00046728822053410113, 0.008943996392190456, -1.2942309379577637, -1.8577104806900024, 2.1838717460632324, 0.020680686458945274, -0.005262940656393766, 0.00249987980350852, -1.12152099609375, 1.5914350748062134, 1.3485538959503174, -0.022104522213339806, 0.006115876603871584, 0.007175530306994915, -0.8519328832626343, -1.1903660297393799, 0.28005969524383545, 0.0026812907308340073, -0.02140209823846817, 0.006185777485370636, -0.49784427881240845, 0.08013082295656204, 0.501957356929779, -0.3513478636741638, 1.0, 1.0, 0.10373971611261368, -0.06951094418764114, -1.0, 0.6204920411109924, -0.12727804481983185, -1.0, -0.7416422367095947, 1.0, 0.7910811901092529, 0.2832046151161194, 0.2254924476146698, -0.49449706077575684, -0.11411315202713013, -0.04722728580236435]
[0.4552856683731079, -0.25275295972824097, 0.33975550532341003, -0.04535651579499245, 0.14362086355686188, 0.029827287420630455, 0.6304359436035156, -0.03597130998969078, -0.4005506932735443, -0.5094021558761597, -0.5307103395462036, 0.0792403370141983, -0.5375787615776062, -0.6500269174575806, -0.9449508786201477, -0.11815045028924942, 0.2010273039340973, 0.21307997405529022, 0.2572605609893799, 0.17695578932762146, 0.08498997986316681, -0.26988714933395386, -0.09933137148618698, 0.6772333979606628, -0.3171175420284271, 0.6786829233169556, -0.30733534693717957, -0.869011402130127, 1.5794919729232788, 2.0099189281463623, -0.305564284324646, -0.8167697787284851, 0.26155486702919006, 0.6675496101379395, -0.36319154500961304, 1.2012546062469482, 0.2164078950881958, 0.11422713845968246, -0.01612226478755474, -0.2552976906299591, 1.4157675504684448, -1.0653871297836304, 0.1754012405872345, 0.4820699393749237, -0.021285802125930786, -0.1305215209722519, 0.21539127826690674, -1.8361834287643433, -0.15265649557113647, 10.85911750793457, -0.04833172634243965, 0.3648372292518616, 0.004744913429021835, -0.038131676614284515, -0.07648203521966934, 0.31308960914611816, 0.016125569120049477, -0.04424784332513809, -0.028425540775060654, 0.5908411145210266, 0.15297308564186096, 0.038996078073978424, 0.8883781433105469, 0.011689242906868458, 0.3270112872123718, -0.1889733374118805, -0.15421874821186066, -0.20001092553138733, 0.3099651336669922, 0.15509487688541412, 0.13804148137569427, 0.029763849452137947, 0.0037084047216922045, -0.3996387720108032, 0.5068261623382568, -0.12627363204956055, 0.6963024735450745, -0.6888387799263, -0.15722240507602692, 0.3789490759372711, 0.015613882802426815, -0.061096541583538055, 0.5309845805168152, 10.10672378540039, -0.13678504526615143, 0.0, -0.38999998569488525, 0.47999998927116394, -0.22206895053386688, -0.6671021580696106, 0.6765443682670593, 0.2189696580171585, -0.0741179883480072, -0.19081372022628784, -0.28333142399787903, -0.9369203448295593, -0.03133523091673851, -0.42678961157798767, 0.5121349096298218, 0.027137283235788345, 0.310592383146286, 0.9495104551315308, 0.03501023352146149, 0.28616341948509216, 0.22062897682189941, 0.14710241556167603, -16.934274673461914, 0.6384845972061157, 3.4929873943328857, -0.01425239909440279, -0.43887799978256226, 0.5076776742935181, 0.0178985558450222, -0.10481192916631699, 0.9899635910987854, 0.09309238940477371, 0.3108712434768677, -0.06278502196073532, 0.3083479404449463, -3.950788736343384, -0.46250981092453003, 3.07291316986084, 0.02363780327141285, -0.43236905336380005, 0.5118324160575867, -0.005197277292609215, -0.16827987134456635, 0.9798465371131897, -0.1074971854686737, 0.25368186831474304, 0.5524861216545105, 0.8791497945785522, -10.856247901916504, -2.1824543476104736, 2.9633281230926514, 0.03841511160135269, -0.406531423330307, 0.5226141810417175, -0.028727786615490913, 0.5098646879196167, 0.859495997428894, -0.021889228373765945, 0.19159339368343353, 0.4356469213962555, 0.5425970554351807, -5.972043991088867, -0.7683247923851013, 2.749183177947998, -0.06337976455688477, -0.3774350583553314, 0.5190178751945496, 0.06965713202953339, -0.6069754958152771, 0.7381021976470947, 0.2862405478954315, 0.36104273796081543, -0.09439235180616379, 0.2026909589767456, 2.91325306892395, 1.907460331916809, 8.713050842285156, 0.014160104095935822, 1.6840882301330566, 2.226929187774658, -0.01287035271525383, 0.008846699260175228, 0.004841215442866087, -0.1684548556804657, 0.5797215700149536, 2.444690227508545, -0.035552017390728, 0.005681765265762806, 0.01387198269367218, -0.19221924245357513, -1.7938127517700195, 2.965879201889038, 0.01208888553082943, -0.0036516832187771797, -0.0024282841477543116, 0.05089947581291199, 4.3055219650268555, 0.4498071074485779, -0.08963591605424881, -0.0035518030636012554, -0.002092889044433832, 1.7262539863586426, -2.1474084854125977, 0.01980692520737648, 0.00991776492446661, 0.0021437809336930513, 0.005691081285476685, -0.06582772731781006, 1.0, -0.2913748025894165, -0.6497554183006287, 1.0, -0.129661425948143, -0.6937387585639954, -0.3513372838497162, -1.0, 0.8944376111030579, -0.4692659378051758, -0.7547889351844788, -0.3783067762851715, 1.0, -1.0, 0.4154241383075714, 0.017274172976613045, -0.4780500829219818, 0.16528983414173126, -0.5413760542869568]
[0.33144792914390564, -0.1241050511598587, 0.2618870139122009, -0.12767989933490753, 0.29444655776023865, 0.21942825615406036, 0.6157903075218201, -0.04037158191204071, -0.3802356719970703, -0.47477513551712036, -0.6071138381958008, 0.1178402453660965, -0.4575396776199341, -0.6164495348930359, -0.9535830020904541, -0.05193426087498665, 0.316597044467926, 0.08397463709115982, 0.2375735640525818, 0.19247332215309143, 0.0988420620560646, -0.22948269546031952, -0.01776798628270626, 0.5826185345649719, -0.5644824504852295, 0.9993675351142883, -0.32993385195732117, -0.6862282156944275, 1.2950276136398315, 1.6142936944961548, 0.10531232506036758, 0.333514541387558, 0.15198057889938354, 0.14861232042312622, -0.3225421905517578, -0.17910288274288177, 1.0192744731903076, 0.6656970977783203, -0.03275315836071968, 0.5474732518196106, 0.8915977478027344, -1.2570297718048096, -0.35180407762527466, 0.016742698848247528, 0.19587793946266174, 0.23482786118984222, 0.6666222810745239, -0.3679843544960022, -5.463929176330566, 2.079848051071167, -0.10249543935060501, 0.1659335345029831, 0.011468365788459778, -0.018116094172000885, -0.06416851282119751, 0.40841180086135864, 0.14886727929115295, 0.03727056458592415, -0.13787737488746643, -0.34992682933807373, -0.10752296447753906, -0.005991330835968256, 0.07601580768823624, 0.008538765832781792, -0.04187265411019325, -0.035386014729738235, -0.024771839380264282, -0.03996041417121887, 0.29652073979377747, 0.20413653552532196, 0.04844755306839943, 0.06219668686389923, 0.011203233152627945, -0.3989409804344177, 0.5067619681358337, -0.40040668845176697, 0.5874666571617126, -0.5586311221122742, -0.42718690633773804, 0.49509063363075256, 0.18683910369873047, 0.5973430275917053, -0.5307468771934509, 3.808364152908325, 0.17208360135555267, 0.0, -0.38999998569488525, 0.47999998927116394, -0.22206895053386688, -0.6671021580696106, 0.6765443682670593, 0.2189696580171585, -0.20732510089874268, -0.5512874722480774, -0.23088262975215912, -0.774462103843689, -0.02400771714746952, -0.42598316073417664, 0.5200108885765076, 0.011598378419876099, 0.4400855600833893, 0.8978654146194458, 0.00528338085860014, 0.46215325593948364, 0.2258959710597992, 0.34404081106185913, -16.084537506103516, -0.4133131802082062, 4.616244316101074, -0.007010790519416332, -0.43736279010772705, 0.5189562439918518, 0.015596031211316586, -0.04707647114992142, 0.9962145090103149, 0.07139425724744797, 0.5096332430839539, 0.32868754863739014, 0.8463543653488159, -8.126527786254883, 0.252407431602478, 2.4369874000549316, 0.030451076105237007, -0.42617830634117126, 0.5248570442199707, -0.008718226104974747, -0.07164316624403, 0.9875295758247375, -0.13991592824459076, 0.47180870175361633, 0.5245122313499451, 0.7279337644577026, -12.212418556213379, -2.6596362590789795, 4.116889953613281, 0.04351762682199478, -0.39950141310691833, 0.5341235399246216, -0.0302225761115551, 0.5301375985145569, 0.8467860817909241, -0.03152900189161301, 0.3476826548576355, 0.44863778352737427, 0.6683815121650696, -1.318939208984375, 0.6257658004760742, 0.23105955123901367, -0.05885859206318855, -0.3767988681793213, 0.5263819694519043, 0.09152904897928238, -0.5777605772018433, 0.7656198740005493, 0.2676587402820587, 0.34876081347465515, 0.11602279543876648, 0.6504945158958435, -7.271386623382568, 0.9095181226730347, 2.248514175415039, -0.9118474125862122, 0.6425011157989502, 0.6272375583648682, -0.008478577248752117, 0.004352952819317579, 0.0038224924355745316, -0.631210207939148, -1.554359793663025, 1.5501772165298462, 0.013955168426036835, -0.0005628594662994146, -0.0036301887594163418, -1.1088624000549316, 1.1774648427963257, -0.46754035353660583, 0.011670641601085663, -0.0022261927369982004, 0.005979376845061779, -0.7399967312812805, 0.5530385375022888, -0.20174665749073029, -0.016476262360811234, -0.008707279339432716, -0.0015557557344436646, 1.329080581665039, -2.5841264724731445, -0.10218022763729095, 0.02135341614484787, 0.040931396186351776, 0.006254501640796661, -1.0, 1.0, -0.22463025152683258, -0.49348732829093933, 1.0, 0.7847411632537842, 0.5212169289588928, -0.263393372297287, -1.0, -0.14439429342746735, 0.26648369431495667, -0.9963727593421936, 1.0, 0.759292721748352, -0.6938750147819519, 0.11636974662542343, 0.3767145872116089, 0.6504551768302917, 0.7304282188415527, 0.6216227412223816]
[0.1930801421403885, -0.04571279510855675, 0.27909085154533386, -0.10511072725057602, 0.4172573387622833, 0.37317660450935364, 0.6577768325805664, 0.048691265285015106, -0.4021695852279663, -0.47126099467277527, -0.6775691509246826, 0.056876640766859055, -0.30020102858543396, -0.4903615713119507, -0.9480887055397034, 0.04263508319854736, 0.4167293608188629, 0.08484317362308502, 0.2160496562719345, 0.21376094222068787, 0.061508480459451675, -0.06254177540540695, 0.11772577464580536, 0.6003352403640747, -0.4801381528377533, 0.24055731296539307, 0.2841077446937561, 0.6852885484695435, 1.0563685894012451, 1.3189345598220825, 0.20963294804096222, 1.0826443433761597, -0.38353055715560913, -0.059867050498723984, -0.27121081948280334, -0.7717403769493103, 1.6769262552261353, 1.6385990381240845, 0.05101075768470764, 0.30389705300331116, 0.9552868008613586, 0.7423240542411804, 0.013780191540718079, 0.3915275037288666, -0.5355733036994934, 0.4866398274898529, 0.922796368598938, 0.43981194496154785, 2.4103245735168457, -9.62755012512207, 0.10658872127532959, -0.09104369580745697, 0.049272049218416214, 0.015977073460817337, 0.039832741022109985, -0.3502698242664337, -0.10734851658344269, -0.03535350784659386, 0.07986368238925934, -0.6120505928993225, -0.1572762429714203, -0.009911509230732918, -0.6327930092811584, 0.0051448773592710495, -0.32099103927612305, 0.12726418673992157, 0.089704729616642, 0.2715696692466736, -0.7698817253112793, -0.372745543718338, -0.12467402964830399, -0.01762615703046322, 0.01948239468038082, -0.39582017064094543, 0.5146710276603699, -0.47192656993865967, 0.5019367933273315, -0.5035219192504883, -0.5213543772697449, 0.4950905740261078, 0.18683910369873047, 0.433810293674469, -0.5535255670547485, 3.6903088092803955, -0.05473357439041138, 0.0, -0.38999998569488525, 0.47999998927116394, -0.22206895053386688, -0.6671021580696106, 0.6765443682670593, 0.2189696580171585, -0.22279615700244904, -0.6689835786819458, -0.18382447957992554, -0.6848586201667786, -0.017004502937197685, -0.4220655560493469, 0.5267186760902405, 0.00044679080019705, 0.5617668032646179, 0.8272261023521423, -0.010704802349209785, 0.32574620842933655, 0.3988247215747833, 0.027928244322538376, -16.511619567871094, -0.3172171413898468, 1.1696234941482544, 0.0005644330522045493, -0.4328392744064331, 0.5287882089614868, 0.015186510048806667, 0.00396765349432826, 0.9982607364654541, 0.05682511255145073, 0.41417086124420166, 0.36371901631355286, 0.3872114419937134, -4.381959915161133, 0.30907395482063293, 1.4491275548934937, 0.038354773074388504, -0.422315388917923, 0.530308187007904, -0.02217768505215645, 0.03739793226122856, 0.9840529561042786, -0.17247939109802246, 0.36511456966400146, 0.3551177680492401, 0.049654364585876465, -13.14609432220459, -4.625833511352539, 3.369534969329834, 0.04836404323577881, -0.39052990078926086, 0.5409845113754272, -0.03396846354007721, 0.5756241679191589, 0.816245436668396, -0.0353044718503952, 0.22961904108524323, 0.6307731866836548, 0.06246526539325714, -9.831305503845215, -1.0276927947998047, 0.735792338848114, -0.054993636906147, -0.37680891156196594, 0.5301799178123474, 0.0745759978890419, -0.5454081296920776, 0.7866868376731873, 0.2794497311115265, 0.13070090115070343, -0.032286349684000015, 0.06821243464946747, -3.3310439586639404, -0.5493329763412476, -3.0567710399627686, 0.5146108865737915, -1.7525702714920044, -0.6180591583251953, -0.010311477817595005, -0.01401217095553875, -0.0037751030176877975, 0.22671206295490265, 0.7994284629821777, -2.70060658454895, -0.02336207963526249, -0.005012298934161663, -0.0041282461024820805, 0.8980489373207092, 1.1031279563903809, -3.3399882316589355, 0.006635409779846668, 0.004905408248305321, -0.004847199656069279, 0.5085552334785461, -3.072193145751953, -0.9150128364562988, 0.043621838092803955, 0.002656057244166732, -0.001327277161180973, -1.4011329412460327, 5.065213203430176, 0.17225530743598938, -0.031090814620256424, 0.0047919861972332, -0.0083016287535429, -0.3082265257835388, -0.4434650242328644, 0.9358715415000916, 0.5283989906311035, 1.0, 1.0, 0.7818316221237183, -0.7305784821510315, -1.0, -0.5720654726028442, 0.7720447182655334, -1.0, 0.3601624071598053, 1.0, 1.0, 0.45796146988868713, -0.6477041840553284, 1.0, 1.0, 1.0]
[0.13404236733913422, -0.07154234498739243, 0.36534085869789124, -0.039580900222063065, 0.5197199583053589, 0.5004728436470032, 0.7033547759056091, 0.1474866271018982, -0.403967022895813, -0.47572436928749084, -0.7436076998710632, 0.02124512940645218, -0.22949419915676117, -0.3274981379508972, -0.9355782866477966, 0.026767779141664505, 0.5157930850982666, 0.19922620058059692, 0.2388889640569687, 0.24565917253494263, 0.04701782017946243, 0.11912989616394043, 0.25860515236854553, 0.6553934216499329, -0.05716867372393608, -0.4603738784790039, 0.39872273802757263, 0.5499592423439026, 0.8862907290458679, 1.1030552387237549, 0.1847488135099411, 0.8109261393547058, 0.17359982430934906, 0.009758325293660164, -0.3118422329425812, -0.0692492425441742, 0.11238860338926315, 1.0693765878677368, 0.049108777195215225, -0.2556385397911072, 0.8886294364929199, 1.2216321229934692, 0.3389102816581726, 0.3905008137226105, 0.12205543369054794, 0.4272199273109436, 0.841670036315918, 0.5442053079605103, 8.93618392944336, -8.139436721801758, 0.15883974730968475, -0.320639044046402, -0.037947580218315125, -0.00828596018254757, 0.16883017122745514, -0.5558297634124756, -0.13235709071159363, -0.028750501573085785, 0.1917903870344162, -0.16548053920269012, -0.11799952387809753, -0.08463813364505768, -0.44054242968559265, 0.02459278516471386, -0.32035380601882935, -0.029428331181406975, 0.014861328527331352, 0.014075599610805511, -0.2640994191169739, -0.13114598393440247, 0.005191526375710964, -0.0015840937849134207, 0.02707727439701557, -0.39312291145324707, 0.5195068120956421, -0.5475979447364807, 0.38151365518569946, -0.39845114946365356, -0.6291425824165344, 0.1905595362186432, -0.005423247814178467, 0.11443902552127838, 0.08121741563081741, 13.575949668884277, -1.5340975522994995, 0.0, -0.38999998569488525, 0.47999998927116394, -0.22206895053386688, -0.6671021580696106, 0.6765443682670593, 0.2189696580171585, -0.25192365050315857, -0.795120358467102, -0.11163194477558136, -0.5402370691299438, -0.014698558486998081, -0.41838717460632324, 0.5261397957801819, 0.005082414019852877, 0.6480952501296997, 0.7614959478378296, -0.008395473472774029, 0.030140113085508347, 0.17641553282737732, -0.3900994658470154, -10.448958396911621, 0.4346965253353119, -1.4646971225738525, 0.0038990431930869818, -0.4292791783809662, 0.5299636125564575, 0.019635852426290512, 0.032922036945819855, 0.997771143913269, 0.054619885981082916, 0.07602394372224808, 0.1946685016155243, -0.1516069769859314, -2.675463914871216, 0.9555816650390625, -0.46344953775405884, 0.042343877255916595, -0.42198440432548523, 0.5274866819381714, -0.039811570197343826, 0.1054232120513916, 0.9752784371376038, -0.19008620083332062, 0.07534822076559067, -0.021311119198799133, -0.3413769006729126, -2.7922935485839844, -2.1250786781311035, 1.6211535930633545, 0.04989670589566231, -0.38338279724121094, 0.5400227904319763, -0.046108126640319824, 0.643442690372467, 0.7630738615989685, -0.03967014327645302, -0.03099057823419571, 0.33908456563949585, -0.38557612895965576, -9.991336822509766, -1.5321857929229736, 1.2988641262054443, -0.05296409875154495, -0.37758776545524597, 0.5297313332557678, 0.05630592256784439, -0.5259674787521362, 0.7900667190551758, 0.30981025099754333, 0.02892613224685192, -0.004076835699379444, -0.03829386830329895, -2.4201407432556152, 1.5503077507019043, -4.111860752105713, 1.38358473777771, -1.7400991916656494, -1.4821624755859375, -0.03438745066523552, -0.011821502819657326, -0.0006592165445908904, 1.3760401010513306, 1.1449260711669922, -2.9650182723999023, -0.011576610617339611, -0.004817630164325237, -0.008904699236154556, 1.9166901111602783, 1.08377206325531, -2.1377391815185547, -0.06838154792785645, 0.0034760136622935534, -0.00889917928725481, 1.2770702838897705, -1.5121655464172363, -1.828661561012268, -0.007821152918040752, 0.00010834386921487749, -0.0007166311261244118, 0.13689307868480682, 1.806350827217102, -0.28941524028778076, -0.007236115168780088, -0.0037743779830634594, -0.011648363433778286, 1.0, -1.0, 1.0, 0.21797332167625427, 1.0, 1.0, 0.5257827043533325, -0.2211894690990448, -1.0, 0.0031130127608776093, -0.4635976552963257, -1.0, -0.5246769785881042, 1.0, 1.0, 0.4215407073497772, 0.247568279504776, 1.0, 1.0, 1.0]
[0.111114002764225, -0.1661291867494583, 0.4529401361942291, -0.0052238102070987225, 0.6051822900772095, 0.6071845293045044, 0.749635636806488, 0.22997361421585083, -0.3183698356151581, -0.45365971326828003, -0.8000948429107666, 0.0624866858124733, -0.264559805393219, -0.28529462218284607, -0.9268490076065063, -0.0017294313292950392, 0.6018508076667786, 0.3276023864746094, 0.28594106435775757, 0.27559614181518555, 0.10068229585886002, 0.26953232288360596, 0.3845514953136444, 0.7113862633705139, -0.1060057058930397, -0.7973594665527344, 0.3374478220939636, 0.1840623915195465, 0.7349374890327454, 0.9226293563842773, 0.19103044271469116, 0.7355400919914246, 1.1172255277633667, 0.5562641620635986, -0.1861487329006195, 0.6147000193595886, -0.5492255091667175, 0.009021887555718422, 0.021797357127070427, -0.04384956881403923, 0.7389344573020935, 1.1672509908676147, 0.6652657985687256, 0.3624759912490845, 0.5282230377197266, 0.3432895541191101, 0.7368119955062866, 0.5010581016540527, -1.0603488683700562, -2.998647928237915, -0.028129830956459045, -0.1818719506263733, -0.04233616590499878, -0.015084119513630867, -0.025333648547530174, -0.1764417439699173, 0.007345430087298155, 0.041088927537202835, 0.0035425845999270678, 0.0023411703296005726, -0.016674812883138657, -0.03109087236225605, -0.264627605676651, 0.013244329951703548, -0.12119509279727936, -0.0328654907643795, 0.011486528441309929, 0.0843464732170105, 0.017240263521671295, -0.004420584067702293, -0.08370477706193924, -0.03021080791950226, 0.030262691900134087, -0.3933088779449463, 0.5200402140617371, -0.6461920142173767, 0.13614265620708466, -0.09823887050151825, -0.7444797158241272, 0.19343629479408264, -0.017581548541784286, -0.002023132285103202, 0.49759528040885925, 9.686408042907715, -1.61404287815094, 0.0, -0.38999998569488525, 0.47999998927116394, -0.22206895053386688, -0.6671021580696106, 0.6765443682670593, 0.2189696580171585, -0.33339348435401917, -0.9258263111114502, 0.020853102207183838, -0.17680323123931885, -0.013932020403444767, -0.41735631227493286, 0.5195904970169067, 0.016751619055867195, 0.6935225129127502, 0.720219075679779, -0.0054972548969089985, 0.08421681076288223, 0.0054143997840583324, -0.5694132447242737, -5.301205158233643, 1.05772864818573, -0.8279798626899719, 0.0056620147079229355, -0.4261692464351654, 0.525396466255188, 0.03073507361114025, 0.07999631017446518, 0.9947412014007568, 0.05608680099248886, 0.165036141872406, 0.3178575336933136, -0.3759811222553253, -8.026534080505371, 2.142547607421875, 0.18357150256633759, 0.043992601335048676, -0.42241647839546204, 0.5210519433021545, -0.04830555245280266, 0.09561540186405182, 0.9736750721931458, -0.201199010014534, 0.09235067665576935, -0.06493572145700455, -0.4199969470500946, 3.643643617630005, 0.19173412024974823, 1.4050915241241455, 0.05016807094216347, -0.37923920154571533, 0.5342363715171814, -0.055748507380485535, 0.6987997889518738, 0.7120087742805481, -0.04017917811870575, 0.029162153601646423, 0.19831793010234833, -0.5556177496910095, -8.833712577819824, -1.343481421470642, 0.4180451035499573, -0.050334736704826355, -0.37872251868247986, 0.5280725359916687, 0.052341949194669724, -0.5065794587135315, 0.7904070615768433, 0.34043237566947937, 0.1988704353570938, -0.06489145010709763, -0.08544043451547623, -1.9216735363006592, 2.621507167816162, -2.1549081802368164, -0.24773287773132324, -0.6462979316711426, -0.8515889644622803, -0.024778589606285095, 0.0031954075675457716, 0.0009621700155548751, -0.35040372610092163, -0.5906249284744263, -0.9337979555130005, 0.03222955763339996, -0.0014883559197187424, 0.0020197001285851, 0.013820968568325043, 0.2281654179096222, -0.5079424381256104, -0.027668390423059464, 0.0009034785907715559, -0.0022119542118161917, -0.2643096446990967, -0.7042903304100037, -0.7545878887176514, 0.0009221738437190652, -0.0030639045871794224, 0.0015475454274564981, -1.248509168624878, -0.043779198080301285, 0.02059062570333481, 0.0007423433708027005, -0.010234663262963295, -0.0017653695540502667, -0.1582314819097519, -1.0, 0.8755930662155151, 0.011091969907283783, 1.0, 1.0, 0.6546079516410828, 0.5040697455406189, -1.0, 0.534321665763855, -0.7041425704956055, -1.0, 0.02495255507528782, 1.0, 1.0, 0.44937777519226074, 0.6016448736190796, 1.0, 1.0, 1.0]
[0.04397415369749069, -0.21143092215061188, 0.4544186592102051, -0.006507263984531164, 0.584231972694397, 0.6650304198265076, 0.7941616177558899, 0.2758485674858093, -0.23742333054542542, -0.35981401801109314, -0.8334139585494995, 0.14757442474365234, -0.3009677231311798, -0.2945040166378021, -0.9415255188941956, 0.07735239714384079, 0.6701843738555908, 0.3915489614009857, 0.37554165720939636, 0.319369912147522, 0.17423950135707855, 0.3815554976463318, 0.49064627289772034, 0.7601948380470276, -0.3571333587169647, -0.01152769848704338, -0.1719363033771515, -0.11315474659204483, -0.6879206299781799, 0.0962594524025917, 0.17555153369903564, 0.2685703933238983, 0.552142322063446, 0.957314670085907, -0.11500362306833267, 0.9005457758903503, -0.2151690274477005, -0.09737429767847061, -0.1027221605181694, 0.517911970615387, 0.5772299766540527, 0.28403350710868835, 0.7761471271514893, 0.6325966715812683, 0.5457773208618164, 0.24827568233013153, 0.6070519089698792, 0.4231860339641571, -5.600128650665283, 9.970002174377441, -0.12900005280971527, 0.2909969985485077, -0.10670415312051773, -0.09350105375051498, -0.07406842708587646, 0.3597464859485626, 0.021728791296482086, -0.005785183981060982, -0.1327255517244339, 0.5123420357704163, 0.16172783076763153, 0.04472958296537399, 0.538761556148529, 0.02270631305873394, 0.2124183177947998, -0.06666728854179382, -0.04464004188776016, -0.10079365968704224, 0.5415509939193726, 0.2478218972682953, 0.03194829821586609, 0.007887125946581364, 0.03334410488605499, -0.3934659957885742, 0.518800675868988, -0.6553597450256348, -0.09913064539432526, 0.1932600438594818, -0.7234135866165161, 0.18773622810840607, 0.02105586975812912, -0.11413940042257309, 0.9823012351989746, 8.525700569152832, -1.5011398792266846, 0.0, -0.38999998569488525, 0.47999998927116394, -0.22206895053386688, -0.6671021580696106, 0.6765443682670593, 0.2189696580171585, -0.36600956320762634, -0.9047602415084839, 0.1165613904595375, 0.18400871753692627, -0.010407449677586555, -0.4188041090965271, 0.5163140892982483, 0.010811894200742245, 0.6941497921943665, 0.7195985913276672, -0.014725643210113049, 0.26931485533714294, -0.1292491853237152, 0.048083044588565826, 3.603632688522339, -0.2215709239244461, 2.5012779235839844, 0.009473062120378017, -0.42335525155067444, 0.5235350131988525, 0.03927544504404068, 0.15325014293193817, 0.9861791133880615, 0.049219612032175064, 0.31131502985954285, 0.28848522901535034, 0.016297128051519394, -8.795340538024902, 1.2211039066314697, 1.5235276222229004, 0.04665568843483925, -0.4196890592575073, 0.520115077495575, -0.05515223741531372, 0.09658078849315643, 0.9701371788978577, -0.21555544435977936, 0.1869039237499237, 0.30391553044319153, 0.1751030832529068, -2.5825629234313965, -1.34837007522583, 2.1482882499694824, 0.05278068408370018, -0.3751118779182434, 0.5311936140060425, -0.052930254489183426, 0.7485339641571045, 0.6598713994026184, -0.03827422857284546, 0.24489328265190125, 0.2731178104877472, -0.14305482804775238, -7.870504856109619, -0.014009201899170876, -0.750825822353363, -0.04479484260082245, -0.37977319955825806, 0.5287356972694397, 0.05887649580836296, -0.4766457974910736, 0.8006284236907959, 0.3582405745983124, 0.4488271176815033, -0.008743366226553917, 0.21440057456493378, -4.323461532592773, 2.889835834503174, 0.4993462562561035, -0.791862964630127, 3.5360028743743896, -0.33638203144073486, -0.04046101123094559, 0.015201661735773087, -0.0056178211234509945, -0.5717182159423828, 0.5339614152908325, 2.685429811477661, 0.0022242374252527952, 0.007470082025974989, 0.004157906398177147, -1.4953182935714722, -0.7135894894599915, 3.487884044647217, 0.03402574360370636, -0.0053953975439071655, 0.007538806647062302, -1.062374234199524, 2.422881603240967, 0.35493868589401245, -0.008296818472445011, -0.002242877148091793, 0.004172111861407757, 0.4622448980808258, -3.443119764328003, 0.5836382508277893, 0.015906037762761116, 0.0004911988507956266, 0.008608853444457054, -1.0, 0.5018597841262817, -0.015909984707832336, -0.11097719520330429, -0.08496468514204025, 1.0, 0.3855089247226715, -0.01672036200761795, -1.0, 0.8093855381011963, -0.347841739654541, -1.0, 1.0, 1.0, 0.3904110789299011, 0.639086127281189, 0.6865962147712708, 1.0, 1.0, 1.0]
[-0.06699405610561371, -0.15886947512626648, 0.3159523606300354, -0.02043980173766613, 0.41680994629859924, 0.6386622786521912, 0.7765729427337646, 0.29800114035606384, -0.22826628386974335, -0.29195287823677063, -0.8583220839500427, 0.15479649603366852, -0.321048378944397, -0.30219805240631104, -0.9647998809814453, 0.21205556392669678, 0.6805283427238464, 0.2963870167732239, 0.401304692029953, 0.3989625573158264, 0.24002790451049805, 0.4713611602783203, 0.5794245600700378, 0.750316858291626, -0.4612244665622711, 0.6097869873046875, -0.7790769338607788, -0.13520345091819763, -1.9993793964385986, -0.49941807985305786, -0.20386910438537598, 0.17811726033687592, -0.16277609765529633, 0.2616715431213379, -0.09715419262647629, -0.37554246187210083, -0.17636172473430634, -0.06152387335896492, -0.09961044043302536, 0.5704962611198425, -0.17026063799858093, -1.524311900138855, -0.204992413520813, 1.167490839958191, 0.44855061173439026, 0.21287214756011963, 0.5086314082145691, -0.35995566844940186, -2.2414536476135254, 5.7898640632629395, -0.08595765382051468, 0.2186688482761383, -0.0627908855676651, -0.05651700496673584, -0.06282420456409454, 0.24656471610069275, 0.003222221275791526, -0.041772179305553436, -0.05550660938024521, -0.064049631357193, -0.06624056398868561, -0.0286194309592247, 0.37381693720817566, -0.010685330256819725, -0.002815865445882082, -0.18341165781021118, -0.10542281717061996, -0.02062232978641987, 0.26856285333633423, 0.1226964145898819, -0.004913187585771084, -0.02225898951292038, 0.03641305863857269, -0.3929220736026764, 0.5156182050704956, -0.5999757647514343, -0.3069027364253998, 0.4306740164756775, -0.600299596786499, 0.18625716865062714, 0.05145951360464096, -0.22898222506046295, 1.489162802696228, 7.823697566986084, -1.2752423286437988, 0.0, -0.38999998569488525, 0.47999998927116394, -0.22206895053386688, -0.6671021580696106, 0.6765443682670593, 0.2189696580171585, -0.34435468912124634, -0.7779344916343689, 0.16834229230880737, 0.4978941082954407, -0.003544609062373638, -0.4218900501728058, 0.5204167366027832, -0.01987820491194725, 0.6443488001823425, 0.7634042501449585, -0.04041611775755882, 0.39297881722450256, -0.22562189400196075, 0.5467309951782227, 10.296464920043945, -0.41281017661094666, 5.791985511779785, 0.015350356698036194, -0.42066916823387146, 0.5282754302024841, 0.03317050635814667, 0.2070722132921219, 0.9773361682891846, 0.02889140136539936, 0.3542462885379791, 0.23649908602237701, 0.39670541882514954, -4.342584609985352, -0.7478812336921692, 3.3612442016601562, 0.052409201860427856, -0.4169178009033203, 0.524442195892334, -0.05560308322310448, 0.10309372842311859, 0.9643086791038513, -0.2374628186225891, 0.42692437767982483, 0.11790790408849716, 0.3239935338497162, -0.25240084528923035, 0.7312430739402771, 2.973170280456543, 0.05759661644697189, -0.3730302155017853, 0.5347871780395508, -0.04387872666120529, 0.7423722743988037, 0.6672650575637817, -0.04141581431031227, 0.31972259283065796, 0.06358812004327774, 0.4610239565372467, 6.5533952713012695, 1.6016231775283813, -0.39157959818840027, -0.036314330995082855, -0.38005635142326355, 0.5327489972114563, 0.09138096868991852, -0.44022753834724426, 0.8187394142150879, 0.3570922315120697, 0.6697536706924438, 0.02187068574130535, 0.346353679895401, -2.696016550064087, 5.244211673736572, 4.455887317657471, -0.3670910596847534, 2.189495086669922, -0.04404459148645401, -0.023674581199884415, 0.01283202227205038, -0.0030016242526471615, -0.23054994642734528, 0.9387826323509216, 1.6120305061340332, -0.02769043855369091, 0.007977433502674103, 0.006236267276108265, -0.7066339254379272, 1.2274811267852783, 0.5346599817276001, -0.010207215324044228, -0.0031779517885297537, 0.003821822814643383, -0.21375951170921326, 2.5976529121398926, -1.2434533834457397, -0.06645803153514862, 0.002293035387992859, -0.0018354872008785605, -0.36691832542419434, -1.7178930044174194, 0.4176480174064636, 0.007750853430479765, -0.01638830080628395, 0.00024673459120094776, -1.0, 0.6628660559654236, -1.0, -0.08929943293333054, -1.0, 0.3364917039871216, 0.4079413115978241, -0.45008546113967896, -1.0, -0.2984485924243927, -0.42950883507728577, -1.0, 1.0, 0.4218099117279053, -1.0, 1.0, 0.6176057457923889, 1.0, 1.0, 0.3976490795612335]
[-0.1664411425590515, -0.13219712674617767, 0.12172818183898926, 0.057114377617836, 0.19675201177597046, 0.5718835592269897, 0.7283101081848145, 0.3202217221260071, -0.19268439710140228, -0.2761728763580322, -0.7944999933242798, 0.08146866410970688, -0.3302663564682007, -0.30659976601600647, -0.9607606530189514, 0.3407953679561615, 0.5627850890159607, 0.11386270821094513, 0.3560013473033905, 0.49035048484802246, 0.3316156566143036, 0.5593193173408508, 0.6541289687156677, 0.7069496512413025, -0.30339428782463074, -0.09229104965925217, -0.6721490025520325, 1.0270651578903198, -2.035592555999756, -0.7087529897689819, -0.17812909185886383, 0.3814614415168762, 0.5827977657318115, 0.2080349177122116, 0.4533426761627197, -0.8512235879898071, -0.0430891253054142, -0.024067623540759087, 0.05985017493367195, 0.5053724646568298, -1.591795563697815, -1.7783621549606323, -0.5421368479728699, 1.1102615594863892, 0.768669068813324, 0.22003106772899628, 0.42983660101890564, -0.4225751459598541, 3.6794538497924805, -7.5321364402771, 0.10926834493875504, -0.14172489941120148, 0.04782278090715408, 0.022783536463975906, 0.04391102492809296, -0.17956170439720154, 0.03943976014852524, 0.033693812787532806, 0.15631425380706787, -0.4632466733455658, -0.12624812126159668, -0.031247735023498535, -0.4034052789211273, 0.008116481825709343, -0.45745372772216797, -0.1266060620546341, -0.035608142614364624, 0.11397946625947952, -0.2874892055988312, -0.14009591937065125, -0.09638829529285431, -0.03475075960159302, 0.04141150414943695, -0.39214205741882324, 0.5109925270080566, -0.45821771025657654, -0.5103639364242554, 0.6210901141166687, -0.37922579050064087, 0.47288674116134644, -0.005664391443133354, -0.28337204456329346, 1.5277475118637085, 6.942521095275879, -0.6633700728416443, 0.0, -0.38999998569488525, 0.47999998927116394, -0.22206895053386688, -0.6671021580696106, 0.6765443682670593, 0.2189696580171585, -0.2535967230796814, -0.5368162989616394, 0.20022094249725342, 0.7793768048286438, 0.003424600698053837, -0.422361820936203, 0.5248553156852722, -0.05100298672914505, 0.5834961533546448, 0.8068328499794006, -0.07714759558439255, 0.2820874750614166, -0.03259260952472687, 0.2557927370071411, 9.026920318603516, 1.178389072418213, 4.7760910987854, 0.020794307813048363, -0.4177951514720917, 0.53094881772995, 0.025023192167282104, 0.2430628389120102, 0.9696708917617798, 0.005712089594453573, 0.2583242654800415, 0.2733396291732788, -0.03168676048517227, -5.362926483154297, 0.12050914019346237, 2.6607601642608643, 0.05833272263407707, -0.41774001717567444, 0.5240097641944885, -0.04544026404619217, 0.07770057022571564, 0.9655439257621765, -0.24417757987976074, 0.3395959734916687, -0.21984265744686127, -0.23673571646213531, 4.3776092529296875, 2.6968955993652344, -0.48912692070007324, 0.06221827119588852, -0.37929338216781616, 0.5371034741401672, -0.03195207938551903, 0.6519696116447449, 0.7563294768333435, -0.043362200260162354, 0.26697179675102234, -0.650196373462677, 0.26518329977989197, 19.71742057800293, 2.35982084274292, -1.1821858882904053, -0.026530353352427483, -0.3803197145462036, 0.5353807806968689, 0.14767859876155853, -0.4084996283054352, 0.8315927982330322, 0.34608155488967896, 0.7124463319778442, -0.03384159877896309, 0.05270857363939285, -0.18928273022174835, 6.539082050323486, 5.105334281921387, 0.6711115837097168, -1.801018238067627, -0.14408501982688904, -0.004231737926602364, -0.014170682057738304, -0.00031280997791327536, 0.3223070502281189, -1.2987756729125977, -1.5985891819000244, 0.014212176203727722, -0.006286044605076313, -0.0019038545433431864, 1.358730673789978, 0.6179144978523254, -2.853219509124756, -0.02197902277112007, 0.0001686207251623273, -0.015499452129006386, 0.5215943455696106, -1.0663506984710693, -2.667201519012451, -0.051603399217128754, -0.002262400696054101, -0.00031978986226022243, -1.439083218574524, 1.9488674402236938, -0.5086365938186646, -0.008377154357731342, -0.011725425720214844, -0.005123273469507694, -0.3538202941417694, -0.6810151934623718, -1.0, 1.0, -1.0, 0.43657323718070984, 0.42208704352378845, 0.2874739170074463, 0.07907462120056152, -0.5734482407569885, -0.3505977690219879, -1.0, 1.0, -0.7130573987960815, -1.0, 1.0, 0.9467437863349915, 1.0, 1.0, 0.43797507882118225]
[-0.18543578684329987, -0.19198369979858398, 0.017447680234909058, 0.1547134816646576, 0.11360713839530945, 0.47980251908302307, 0.5661098957061768, 0.4010063111782074, -0.06326917558908463, -0.2043256312608719, -0.6023856401443481, 0.0001366619544569403, -0.24291856586933136, -0.2942412495613098, -0.9565568566322327, 0.44859474897384644, 0.36129406094551086, -0.06713584810495377, 0.2929929792881012, 0.5209079384803772, 0.4445711374282837, 0.6352609992027283, 0.7114560604095459, 0.6125338077545166, 0.11112704128026962, -0.6340143084526062, -0.566960334777832, 1.1084544658660889, -0.05295945331454277, -0.7715660333633423, -0.9385765194892883, 0.6409308910369873, 1.5348728895187378, 1.2163456678390503, 0.9535067677497864, -0.753853440284729, 1.2404508590698242, 0.2811215817928314, 0.010464075021445751, 0.4153360426425934, -2.0386874675750732, -1.6182726621627808, -0.7377285361289978, -0.015562588348984718, 0.8239414095878601, 0.1658283919095993, 0.31700852513313293, -1.1025828123092651, 10.207572937011719, -4.77371883392334, 0.09153427183628082, 0.005387833807617426, 0.21540510654449463, 0.1007099449634552, 0.05187559872865677, -0.4110742211341858, -0.06299276649951935, 0.03494267165660858, 0.27971434593200684, -0.21250338852405548, 0.033039890229701996, 0.03737473487854004, -0.05383983626961708, 0.0704984962940216, -0.2615152597427368, -0.05015258491039276, -0.014445846900343895, -0.38122978806495667, -0.49094587564468384, -0.24621063470840454, 0.18346968293190002, 0.038382843136787415, 0.04443412646651268, -0.3953700363636017, 0.5062336325645447, -0.3814537823200226, -0.5815402269363403, 0.6659506559371948, -0.2698400914669037, -0.047848042100667953, -0.05617688596248627, -0.27106142044067383, 0.996269702911377, 3.3220551013946533, -0.35492202639579773, 0.0, -0.38999998569488525, 0.47999998927116394, -0.22206895053386688, -0.6671021580696106, 0.6765443682670593, 0.2189696580171585, -0.19426923990249634, -0.4175339937210083, 0.20305517315864563, 0.8641141653060913, 0.0050591593608260155, -0.42095887660980225, 0.5230056047439575, -0.06124204397201538, 0.5424480438232422, 0.8324282765388489, -0.09519851207733154, -0.09149536490440369, 0.1687944531440735, -0.19047443568706512, 1.8116413354873657, -0.03430977463722229, 2.2373478412628174, 0.023064980283379555, -0.41271620988845825, 0.5283169150352478, 0.013463808223605156, 0.33194074034690857, 0.9428502917289734, -0.02583492547273636, -0.05787156522274017, 0.41845613718032837, -0.4459373950958252, -13.631901741027832, -0.7422833442687988, 4.777613639831543, 0.0582357719540596, -0.4208640456199646, 0.5166998505592346, -0.03830605745315552, 0.06826052069664001, 0.973466157913208, -0.2150270938873291, -0.19899149239063263, -0.21116802096366882, -0.570483922958374, -0.5723386406898499, -0.020052548497915268, -5.398880958557129, 0.06408717483282089, -0.39355170726776123, 0.5306932926177979, -0.010870495811104774, 0.4961867034435272, 0.8673182725906372, -0.037941135466098785, 0.04998073726892471, -1.1650232076644897, -0.30057355761528015, 24.890348434448242, 2.8894388675689697, -2.995537281036377, -0.021081184968352318, -0.38012754917144775, 0.5351074934005737, 0.2039642184972763, -0.396046906709671, 0.8343413472175598, 0.324684202671051, 0.24347922205924988, 0.019074667245149612, -0.10781928151845932, 2.359633684158325, 4.1164350509643555, 4.722413539886475, 1.629002332687378, -2.608612060546875, 1.4520776271820068, 0.061580758541822433, 0.001820429228246212, -0.0016764719039201736, 1.486083984375, -0.5320085883140564, -2.296314001083374, 0.02696254476904869, 0.0012968720402568579, 0.0021841952111572027, 2.461998224258423, -0.9835972785949707, -1.2494734525680542, 0.022620778530836105, -0.0014324337244033813, -0.019766967743635178, 1.3841042518615723, -0.5797200798988342, -1.8619459867477417, -0.0231416504830122, -0.009503763169050217, -0.0023829962592571974, 2.2899837493896484, 3.430316925048828, -0.8231620788574219, -0.017611797899007797, 0.001743111526593566, 0.002937373938038945, 0.9835304617881775, -1.0, -1.0, 1.0, 0.5540256500244141, -1.0, 0.6415489315986633, 1.0, 1.0, -0.3823257386684418, 0.7330073118209839, -1.0, 1.0, -1.0, -1.0, 0.33438727259635925, 1.0, 0.8522614240646362, 1.0, -0.1590239554643631]
[-0.1179007813334465, -0.26343679428100586, -0.13280029594898224, 0.2759431004524231, 0.1812019944190979, 0.45361730456352234, 0.38333821296691895, 0.4689278304576874, 0.02518480271100998, -0.05742139369249344, -0.4336490035057068, -0.11396969854831696, -0.07554318010807037, -0.2227826565504074, -0.9631646871566772, 0.4926023781299591, 0.1474788933992386, -0.22718127071857452, 0.16177740693092346, 0.49352267384529114, 0.5472106337547302, 0.6111436486244202, 0.7552064657211304, 0.4459106922149658, 0.35838088393211365, -0.4251655042171478, -0.639302670955658, 1.1407240629196167, 0.9852254986763, 0.11970603466033936, -0.3704849183559418, 0.42692551016807556, 0.4419616758823395, 1.1965068578720093, 0.2239866703748703, -1.1677066087722778, 1.7382580041885376, 1.2433403730392456, -0.05834701284766197, 0.05866862088441849, -1.948242425918579, -1.40343177318573, -1.586954951286316, -0.518336832523346, 0.6830564141273499, -0.1799834668636322, 0.2508736550807953, -1.760854959487915, 5.063916206359863, 2.369345188140869, 0.06517191976308823, 0.09944893419742584, 0.07715511322021484, 0.05097270384430885, 0.17235299944877625, -0.10196129977703094, -0.13776187598705292, -0.07580965012311935, -0.13348597288131714, 0.030415475368499756, 0.028613004833459854, 0.05839908495545387, 0.3511214256286621, 0.017123199999332428, 0.15918570756912231, 0.057217858731746674, -0.011496725492179394, -0.35194382071495056, -0.15735580027103424, -0.12041676044464111, 0.17865794897079468, 0.0423336997628212, 0.04314475506544113, -0.39674633741378784, 0.5002180933952332, -0.3069901764392853, -0.6327186226844788, 0.6991997957229614, -0.1286219209432602, -0.004900496453046799, -0.13385161757469177, -0.3396144509315491, 1.04463791847229, 3.8812062740325928, -2.4155986309051514, 0.0, -0.38999998569488525, 0.47999998927116394, -0.22206895053386688, -0.6671021580696106, 0.6765443682670593, 0.2189696580171585, -0.13415992259979248, -0.27677205204963684, 0.17583534121513367, 0.9351363778114319, 0.0013012788258492947, -0.41579174995422363, 0.5207706689834595, -0.0791204497218132, 0.5758470296859741, 0.8074808120727539, -0.10057295858860016, -0.3732067942619324, 0.41096630692481995, -0.21914491057395935, -8.611799240112305, -3.189612865447998, 1.1891000270843506, 0.020573213696479797, -0.40972334146499634, 0.5243363380432129, -0.0017409377032890916, 0.4216778576374054, 0.9056498408317566, -0.044531628489494324, -0.28708457946777344, 0.1462184488773346, -0.3130471408367157, -8.086079597473145, -1.148112416267395, 0.3027372360229492, 0.053377971053123474, -0.42467647790908813, 0.5075119137763977, -0.03714030236005783, 0.09665801376104355, 0.9790936708450317, -0.17508108913898468, -0.3422429859638214, -0.08502460271120071, -0.5310164093971252, -6.46068811416626, -2.439177989959717, -3.205005407333374, 0.06169760972261429, -0.40878283977508545, 0.5188546180725098, 0.008813218213617802, 0.2953636944293976, 0.9550238847732544, -0.024735134094953537, -0.19529423117637634, -1.1786904335021973, -0.5469948053359985, 26.839529037475586, 1.8279106616973877, -2.80297589302063, -0.02217159979045391, -0.3786916732788086, 0.5349892377853394, 0.25052884221076965, -0.40506216883659363, 0.8261144161224365, 0.301155686378479, -0.13370248675346375, 0.0911870151758194, -0.0376286506652832, 4.204554557800293, 2.856358051300049, 3.2448980808258057, 0.8733683824539185, -0.4782654345035553, 0.9414675235748291, 0.043798718601465225, -0.005622818600386381, -0.00224954541772604, 0.8773831129074097, 1.7920101881027222, -0.7840564846992493, -0.04892949387431145, -0.027455316856503487, -0.019193051382899284, -0.09937118738889694, -0.7387056946754456, 0.48780858516693115, 0.04731849581003189, 0.011972229927778244, 0.02643727697432041, 0.69740229845047, 0.3826160728931427, 0.5837385654449463, -0.005757483653724194, 0.0011359736090525985, 0.00011312434799037874, 2.355074405670166, 1.5402634143829346, -0.401367723941803, -0.012244351208209991, 0.004652518313378096, 0.0013400829629972577, 1.0, -0.4688836932182312, -1.0, 1.0, 0.9552449584007263, -1.0, 1.0, 0.06944876164197922, 1.0, -0.8846056461334229, 1.0, -1.0, 0.44694778323173523, -1.0, -1.0, 0.15731605887413025, 1.0, -0.07854284346103668, 1.0, -0.7153939604759216]
[-0.034016482532024384, -0.2665462791919708, -0.27567219734191895, 0.3927340507507324, 0.1476484090089798, 0.4592441916465759, 0.26436465978622437, 0.5364499092102051, -0.029698366299271584, -0.0020396853797137737, -0.33658626675605774, -0.2560942471027374, 0.08288642764091492, -0.04666508734226227, -0.9742366671562195, 0.384391725063324, -0.029818864539265633, -0.3547632694244385, -0.01018795557320118, 0.4797665774822235, 0.624963104724884, 0.4717872142791748, 0.7913344502449036, 0.3926777243614197, 0.2844755947589874, 0.27839285135269165, -0.5580666661262512, 1.0414457321166992, -1.0746601819992065, -0.13068759441375732, -0.6618470549583435, 0.6673840284347534, -1.0056133270263672, -0.01634312979876995, 0.8571941256523132, -1.5037750005722046, 0.9531105160713196, 1.5313539505004883, -0.31754517555236816, -0.7330775856971741, -1.1567883491516113, -0.7544169425964355, -1.3731180429458618, 0.011019714176654816, 0.49186667799949646, -0.4273459017276764, 0.21092191338539124, 0.16837136447429657, -1.9081683158874512, 9.128597259521484, -0.01221408974379301, 0.2367265820503235, -0.17129389941692352, -0.10100815445184708, -0.06781038641929626, 0.28980231285095215, -0.055392589420080185, -0.07727637141942978, 0.17888259887695312, 0.2376641035079956, -0.1297512650489807, -0.08666551858186722, 0.4920845031738281, -0.15284463763237, 0.8860924243927002, 0.41332587599754333, 0.14889994263648987, -0.1315285563468933, 0.28642383217811584, 0.10763609409332275, 0.06327295303344727, 0.07553435117006302, 0.043330904096364975, -0.39849546551704407, 0.4983869791030884, -0.24723167717456818, -0.6489876508712769, 0.7153362035751343, 0.07736584544181824, 0.04773540049791336, -0.0960252583026886, -0.00926748663187027, 1.9644266366958618, 5.747451305389404, -2.670403242111206, 0.0, -0.38999998569488525, 0.47999998927116394, -0.22206895053386688, -0.6671021580696106, 0.6765443682670593, 0.2189696580171585, -0.07508908212184906, -0.09890688955783844, 0.08348668366670609, 0.9887409806251526, -0.003470832481980324, -0.41128379106521606, 0.5232599973678589, -0.09419604390859604, 0.6016132235527039, 0.7865734100341797, -0.1024247333407402, -0.2741503417491913, 0.2098802924156189, 0.31350842118263245, -0.4225059151649475, -0.8484249114990234, 1.2474344968795776, 0.016713205724954605, -0.40811076760292053, 0.5255181789398193, -0.010622250847518444, 0.44415250420570374, 0.8945836424827576, -0.04833078756928444, -0.23871803283691406, 0.09684731066226959, 0.266330748796463, 0.5678972601890564, -1.0098267793655396, 1.6976324319839478, 0.04827738553285599, -0.42791277170181274, 0.5026678442955017, -0.04086557775735855, 0.17090578377246857, 0.9738758206367493, -0.1438302844762802, -0.32258790731430054, -0.1645488291978836, -0.1918642520904541, -6.303982734680176, -0.5027115941047668, -5.704912185668945, 0.05926509201526642, -0.4192352890968323, 0.5105491876602173, 0.010014000348746777, 0.10999947041273117, 0.9934892058372498, -0.027910325676202774, -0.008592542260885239, -0.6044824123382568, -0.2909885048866272, 15.831428527832031, 1.0588274002075195, 1.9680310487747192, -0.024770768359303474, -0.3764297664165497, 0.536758303642273, 0.251474529504776, -0.4036150872707367, 0.8250909447669983, 0.30509045720100403, -0.16924329102039337, 0.1796121895313263, 0.22139877080917358, -2.8939220905303955, -1.0368672609329224, -2.197064161300659, -0.39583784341812134, 3.4452123641967773, -0.25845640897750854, -0.049329973757267, -0.0005751608987338841, 0.0020438367500901222, -0.061164237558841705, 2.570770263671875, 1.5855038166046143, -0.03871481493115425, 0.01399671845138073, 0.003794908057898283, 0.4926547706127167, 2.459960460662842, 1.2152862548828125, -0.04976611211895943, -0.019139155745506287, -0.02504054829478264, -1.3958173990249634, -2.8431310653686523, 5.097518444061279, 0.10625298321247101, 0.0009313251357525587, 0.018622292205691338, 2.1321303844451904, -1.6199634075164795, 0.5379779934883118, 0.004690251313149929, 0.04142026975750923, -0.00338303716853261, 0.20795531570911407, 0.5210060477256775, -1.0, 1.0, -1.0, -1.0, 1.0, -0.8818942308425903, 1.0, -0.6154763698577881, 1.0, -1.0, -1.0, -0.9826570153236389, -1.0, 0.5309844613075256, 1.0, -0.6041386127471924, 1.0, 0.8311107754707336]
