1
[0.0, 0.0, 0.0, 0.0, 0.0, 0.0, 0.0, 0.0, 0.0, 0.0, 0.0, 0.0, 0.0, 0.0, 0.0, 0.0, 0.0, 0.0, 0.0, 0.0, 0.0, 0.0, 0.0, 0.0, 0.0, 0.0, 0.0, 0.0, 0.0, 0.0, 0.0, 0.0, 0.0, 0.0, 0.0, 0.0, 0.0, 0.0, 0.0, 0.0, 0.0, 0.0, 0.0, 0.0, 0.0, 0.0, 0.0, 0.0, 0.0, 0.0, 0.0, 0.0, 0.0, 0.0, 0.0, 0.0, 0.0, 0.0, 0.0, 0.0, 0.0, 0.0, 0.0, 0.0, 0.0, 0.0, 0.0, 0.0, 0.0, 0.0, 0.0, 0.0, 0.0, 0.0, 0.0, 0.0, 0.0, 0.0, 0.0, 0.0, 0.0, 0.0, 0.0, 0.0, 0.0, 0.0, 0.0, 0.0, 0.0, 0.0, 0.0, 0.0, 0.0, 0.0, 0.0, 0.0, 0.0, 0.0, 0.0, 0.0, 0.0, 0.0, 0.0, 0.0, 0.0, 0.0, 0.0, 0.0, 0.0, 0.0, 0.0, 0.0, 0.0, 0.0, 0.0, 0.0, 0.0, 0.0, 0.0, 0.0, 0.0, 0.0, 0.0, 0.0, 0.0, 0.0, 0.0, 0.0, 0.0, 0.0, 0.0, 0.0, 0.0, 0.0, 0.0, 0.0, 0.0, 0.0, 0.0, 0.0, 0.0, 0.0, 0.0, 0.0, 0.0, 0.0, 0.0, 0.0, 0.0, 0.0, 0.0, 0.0, 0.0, 0.0, 0.0, 0.0, 0.0, 0.0, 0.0, 0.0, 0.0, 0.0, 0.0, 0.0, 0.0, 0.0, 0.0, 0.0, 0.0, 0.0, 0.0, 0.0, 0.0, 0.0, 0.0, 0.0, 0.0, 0.0, 0.0, 0.0, 0.0, 0.0, 0.0, 0.0, 0.0, 0.0, 0.0, 0.0, 0.0, 0.0, 0.0, 0.0, 0.0, 0.0, 0.0, 0.0, 0.0, 0.0, 0.0, 0.0, 0.0, 0.0, 0.0, 0.0, 0.0, 0.0, 0.0, 0.0, 0.0, 0.0, 0.0]
[0.4487285017967224, 0.16783304512500763, -0.2184639573097229, -0.7923079133033752, -0.7903195023536682, -0.865461528301239, -0.027012687176465988, -0.6916244626045227, -0.7798824906349182, -0.894432783126831, -0.23550575971603394, -0.684872031211853, -0.7638920545578003, -0.7871596813201904, -0.9659460186958313, 0.076214998960495, -0.9638175368309021, -0.7182499170303345, -0.7175361514091492, -0.13375383615493774, -0.7499953508377075, 0.09375842660665512, -0.056300852447748184, 0.673069417476654, 0.1464240550994873, -0.3525971472263336, -0.4497719407081604, -0.2705785632133484, 2.124910593032837, 0.46151065826416016, 0.5354249477386475, -0.3257347345352173, -0.1493913233280182, -0.02660517394542694, -0.4411245882511139, -0.3312343657016754, -0.27986404299736023, -0.05640450119972229, 0.05594779923558235, 0.4773990213871002, 0.009228398092091084, -0.3481625020503998, -0.07501856982707977, -1.0442932844161987, -0.18738655745983124, -0.3449951112270355, -0.8196806311607361, 0.4248373508453369, 3.7315568923950195, -4.180042743682861, 0.016581451520323753, -0.3358646035194397, 0.08170780539512634, 0.06530177593231201, 0.28742945194244385, -0.36272019147872925, -0.1447630077600479, -0.05127645656466484, 0.025736648589372635, -0.35995036363601685, -0.15263263881206512, -0.05561473220586777, -0.3634549677371979, 0.28299546241760254, -0.25832945108413696, -0.11613695323467255, -0.04330360144376755, -0.08644573390483856, -0.2592707872390747, -0.17915204167366028, 0.002110925270244479, 0.00509611377492547, -0.006424265448004007, -0.4007517397403717, 0.5287342667579651, 0.2155808061361313, 0.5958685278892517, -0.7269120216369629, 0.26469680666923523, -0.008478447794914246, -0.03828044980764389, -0.11596206575632095, 0.1921192854642868, 0.1319105476140976, 0.016223957762122154, 0.0, -0.38999998569488525, 0.47999998927116394, -0.6623125672340393, 0.30807608366012573, -0.5883525013923645, 0.3468034863471985, 0.37671270966529846, -0.48317795991897583, -0.5574271082878113, 0.560269296169281, -0.021227791905403137, -0.453764945268631, 0.5045605897903442, 0.02945566736161709, -0.5397340059280396, 0.8400512337684631, -0.046188436448574066, 0.017710158601403236, 0.11774405092000961, 0.011131582781672478, -9.756220817565918, -1.1236768960952759, 1.5193219184875488, -0.0037044035270810127, -0.45589500665664673, 0.5100650191307068, 0.010961631312966347, -0.5130051970481873, 0.8581187129020691, -0.01837843470275402, -0.36307233572006226, -0.12257324159145355, -0.47255396842956543, 4.266876220703125, 0.19956110417842865, -3.409255266189575, 0.02294924296438694, -0.45054325461387634, 0.5107253789901733, 0.026887686923146248, -0.46786466240882874, 0.8819112181663513, -0.05110936611890793, 0.031700875610113144, -0.1335752308368683, -0.4871866703033447, 5.079098224639893, 0.43390151858329773, 1.4729211330413818, 0.03843274712562561, -0.44598397612571716, 0.4977165758609772, -0.0029479481745511293, -0.5213025808334351, 0.8533473014831543, -0.005762739107012749, -0.34696340560913086, -0.08403845876455307, -0.3449081480503082, 3.7047789096832275, -0.15164262056350708, -3.097700834274292, -0.07950438559055328, -0.37022292613983154, 0.5099089741706848, -0.17842352390289307, -0.6075225472450256, 0.7585332989692688, 0.1539756953716278, -0.029530679807066917, -0.06167805194854736, -0.28362831473350525, 0.21017640829086304, -5.133401870727539, 1.5252771377563477, 0.10778342187404633, -0.5584759712219238, -0.4422154724597931, 0.05692463740706444, -0.0040640151128172874, 0.0020199320279061794, 1.6055564880371094, 2.1191132068634033, -0.682070255279541, -0.01948976144194603, 0.012244404293596745, -0.006691045593470335, 0.15877126157283783, 2.170370101928711, -0.8025436401367188, -0.023059183731675148, -0.003204364562407136, 0.0029682880267500877, 1.5310511589050293, 1.6974295377731323, -0.48724010586738586, -0.017842162400484085, 0.011553077027201653, -0.005930504761636257, 0.34727099537849426, 2.151806592941284, 0.021501367911696434, -0.012657218612730503, -0.00046021572779864073, 0.015284674242138863, 1.0, -0.38146737217903137, -1.0, -1.0, 1.0, 1.0, -1.0, -0.9151771664619446, -1.0, -1.0, -1.0, -1.0, 1.0, -1.0, -1.0, -0.7443881034851074, -1.0, -1.0, -1.0, 1.0]
[0.41772398352622986, 0.17099472880363464, -0.22860288619995117, -0.794784665107727, -0.6721027493476868, -0.8167018890380859, -0.032310839742422104, -0.7106020450592041, -0.7900313138961792, -0.8986721634864807, -0.177861288189888, -0.630226731300354, -0.8029270172119141, -0.798822820186615, -0.9788753390312195, 0.15693433582782745, -0.9716220498085022, -0.7535996437072754, -0.7286074757575989, -0.2195558398962021, -0.7874212861061096, -0.03729507327079773, -0.057719819247722626, 0.7211056351661682, -0.3009781539440155, 0.2949192523956299, -0.1149883046746254, 0.17489862442016602, 0.5545021891593933, 0.3619057834148407, -0.14801505208015442, -0.1406709998846054, -0.06163882836699486, -0.03760106861591339, 0.5984125733375549, 0.9746207594871521, -0.386858195066452, -0.13519124686717987, -0.11611195653676987, 0.2388513833284378, -0.11199712753295898, -0.3139326274394989, -0.11335807293653488, -1.0654196739196777, -0.30747130513191223, -0.3082559406757355, 0.41759562492370605, 0.45563721656799316, -11.07357406616211, 9.386852264404297, -0.6595835089683533, 0.778114914894104, 0.16203686594963074, 0.03509305417537689, -0.4128882586956024, 0.5708242058753967, 0.203990176320076, 0.06678411364555359, -0.1353701651096344, 0.9413666725158691, 0.35331830382347107, 0.11792450398206711, 0.7235579490661621, -0.519267201423645, 0.48743754625320435, 0.1772122085094452, 0.05655250698328018, -0.025595540180802345, 0.32399073243141174, 0.16892492771148682, -0.04747139662504196, -0.00512066762894392, -0.0063821254298090935, -0.4016851484775543, 0.5254924893379211, 0.2307450920343399, 0.6038157939910889, -0.712462842464447, 0.2730562090873718, 0.009776282124221325, -0.06055714562535286, -0.21808278560638428, 0.48354408144950867, -0.7702996134757996, 0.08611167222261429, 0.0, -0.38999998569488525, 0.47999998927116394, -0.6623125672340393, 0.30807608366012573, -0.5883525013923645, 0.3468034863471985, 0.396635502576828, -0.4823492169380188, -0.5574331879615784, 0.5470719933509827, -0.019160032272338867, -0.45310360193252563, 0.506898045539856, 0.029637707397341728, -0.48336556553840637, 0.8732616305351257, -0.053790654987096786, 0.35193192958831787, 0.0974840298295021, 0.449493408203125, -6.896745681762695, -0.6572450995445251, 2.075399398803711, -0.0016132198506966233, -0.4562537372112274, 0.509196400642395, 0.014225248247385025, -0.5233330130577087, 0.8516940474510193, -0.023180970922112465, 0.38088977336883545, 0.012007147073745728, 0.1939629167318344, -0.27535080909729004, 0.0033148564398288727, 2.2450685501098633, 0.023450814187526703, -0.44979092478752136, 0.51316899061203, 0.024441620334982872, -0.46580055356025696, 0.8833264112472534, -0.04654856026172638, 0.06434673070907593, 0.15620651841163635, 0.5635268688201904, -3.722886562347412, -0.2770322561264038, -1.4888302087783813, 0.03837403282523155, -0.4458155930042267, 0.49650731682777405, -0.006043524481356144, -0.5397874712944031, 0.8417741060256958, 0.00304411887191236, 0.2138325721025467, 0.04482968896627426, 0.08883146941661835, 1.5450972318649292, 0.39783376455307007, 0.33749255537986755, -0.07894635200500488, -0.37092167139053345, 0.507571280002594, -0.2263186275959015, -0.6037091612815857, 0.7540674209594727, 0.125288724899292, 0.05160004273056984, -0.030421331524848938, -0.07155634462833405, -2.623995304107666, -7.002156734466553, -2.1041057109832764, -3.650503396987915, -2.734323740005493, 1.8384137153625488, -0.005921804346144199, -0.024728968739509583, 0.011987094767391682, -2.3051867485046387, -3.146742820739746, 1.2257757186889648, 0.019582973793148994, -0.009215396828949451, 0.00459230225533247, -0.8251380324363708, -5.072422504425049, 1.8334450721740723, 0.04183816909790039, 0.00604590866714716, -0.0060769375413656235, -2.8165297508239746, -2.759284496307373, 0.6262602806091309, 0.01516323909163475, -0.016611095517873764, 0.005337434820830822, -1.0449916124343872, -2.2427220344543457, -0.055448926985263824, 0.013775579631328583, 0.011599189601838589, 0.010395796969532967, -1.0, 1.0, -0.8968911170959473, -0.4885915517807007, -0.599323034286499, -0.3377624452114105, -0.7399182915687561, -0.7840656042098999, 1.0, 0.3077795207500458, -1.0, -1.0, 0.224326491355896, -1.0, -0.9119241237640381, -0.7071666717529297, -1.0, -0.6387369632720947, 0.625800371170044, 1.0]
[0.30713191628456116, 0.23114369809627533, -0.2974732518196106, -0.7828364968299866, -0.6724148988723755, -0.792692244052887, -0.10929779708385468, -0.6820777654647827, -0.720064640045166, -0.8941398859024048, -0.008844842202961445, -0.45314934849739075, -0.8420404195785522, -0.8136441111564636, -0.999501645565033, 0.1711651086807251, -0.9820457100868225, -0.7908836007118225, -0.7410366535186768, -0.323822557926178, -0.8261128664016724, -0.13136917352676392, 0.05301713943481445, 0.766877293586731, -0.5083140134811401, 0.5336998701095581, -0.3786185383796692, 0.06934035569429398, -0.2989253103733063, 0.04723741114139557, -0.45476290583610535, 0.5392616987228394, 1.043543815612793, 0.25840505957603455, 0.7437600493431091, 2.0047194957733154, -0.334552139043808, -0.13261590898036957, -0.0826062262058258, -0.04392831772565842, -0.0868968591094017, -0.3593730032444, -0.12204018980264664, -1.3990110158920288, -0.26294636726379395, -0.1914745569229126, 0.8206453323364258, 0.40613117814064026, -6.30485725402832, 3.878549337387085, -0.3082786500453949, 0.18083475530147552, -0.004709241911768913, -0.02407960221171379, -0.43167170882225037, 0.5588697791099548, 0.31327807903289795, 0.13853293657302856, -0.19423392415046692, 0.48684048652648926, 0.19849272072315216, 0.07010962814092636, 0.3407420516014099, -0.3266245126724243, 0.25048959255218506, 0.09045592695474625, 0.029063785448670387, -0.03486352786421776, 0.1655418425798416, 0.10940328985452652, -0.07042965292930603, -0.02110869623720646, -0.005154911428689957, -0.39949584007263184, 0.5290741324424744, 0.38845232129096985, 0.5044857263565063, -0.5817849040031433, 0.5060880780220032, 0.06428638845682144, 0.3790222108364105, 0.5110963582992554, -0.47674837708473206, -9.97624397277832, 2.55259108543396, 0.0, -0.38999998569488525, 0.47999998927116394, -0.6623125672340393, 0.30807608366012573, -0.5883525013923645, 0.3468034863471985, 0.5874865651130676, -0.5948265790939331, -0.3578069508075714, 0.4159507751464844, -0.010787144303321838, -0.45249229669570923, 0.5132867693901062, 0.04288768395781517, -0.4542315900325775, 0.8862519264221191, -0.0799485370516777, 0.6740964651107788, 0.06647941470146179, 0.4395747184753418, -1.7557787895202637, -0.05710020288825035, 4.436079502105713, 0.006950981914997101, -0.4540884792804718, 0.5178081393241882, 0.027974560856819153, -0.47216594219207764, 0.8796004056930542, -0.05079207569360733, 0.6952081322669983, 0.30731871724128723, 0.8888384699821472, -11.833877563476562, -0.9742954969406128, 4.819270610809326, 0.02594935894012451, -0.4446038603782654, 0.5270026326179504, 0.01652020588517189, -0.40656033158302307, 0.9127264022827148, -0.03696097061038017, 0.19720342755317688, 0.5390043258666992, 1.1249923706054688, -10.317304611206055, -0.9260034561157227, -1.1717135906219482, 0.044636111706495285, -0.44432133436203003, 0.5002262592315674, 0.004089193884283304, -0.5464580655097961, 0.837436318397522, -0.0082019604742527, 0.5342263579368591, 0.1181664764881134, 0.3092278242111206, 0.3874378204345703, 0.2031540870666504, 2.756077527999878, -0.07658961415290833, -0.37194058299064636, 0.5073584318161011, -0.2935335636138916, -0.581986665725708, 0.7527845501899719, 0.09189581125974655, 0.14150595664978027, -0.04976485297083855, 0.003408730961382389, -4.385010242462158, -8.699227333068848, -2.2363717555999756, -1.6992450952529907, -0.002648728433996439, 0.6861777305603027, -0.024119332432746887, -0.00953894853591919, 0.005652047228068113, -2.3412389755249023, -4.400312423706055, 0.8957293629646301, 0.07252825796604156, -0.01647203043103218, 0.008759786374866962, -1.1943154335021973, -2.8000643253326416, 0.8338663578033447, 0.028108667582273483, -0.0039019074756652117, 0.002686801366508007, -1.7591428756713867, -1.4154242277145386, 0.2196577787399292, 0.007832423783838749, -0.010670026764273643, 0.005677199922502041, -1.1924757957458496, -1.0142521858215332, -0.042406413704156876, 0.00854551326483488, -0.002029089257121086, 0.008582658134400845, -1.0, 1.0, -1.0, -0.759041965007782, -1.0, -1.0, 0.06631199270486832, 0.24241769313812256, 1.0, 1.0, -1.0, -1.0, -0.09039932489395142, -1.0, -1.0, -1.0, -1.0, -0.4615149199962616, 0.8813431262969971, 1.0]
[0.16002823412418365, 0.24906453490257263, -0.395422101020813, -0.789133608341217, -0.7119316458702087, -0.7979650497436523, -0.23174135386943817, -0.6192797422409058, -0.685502290725708, -0.8370078206062317, 0.05747599899768829, -0.2272866666316986, -0.8700817823410034, -0.8247425556182861, -0.8539394736289978, 0.09427042305469513, -0.9912773966789246, -0.7209450006484985, -0.7372702360153198, -0.4328233003616333, -0.8503749966621399, -0.1746569722890854, 0.16518674790859222, 0.8065055012702942, -0.5894654393196106, -0.13991308212280273, -0.41744136810302734, -0.1470930576324463, -0.4066161811351776, -0.1011805459856987, -0.5295363664627075, 0.5804502964019775, -0.0692935362458229, 0.4833431839942932, 0.011859143152832985, 2.119518995285034, -0.21914513409137726, -0.08320745080709457, 1.0909899473190308, -0.4661674499511719, -0.059944428503513336, 1.1814583539962769, 0.22800302505493164, -1.3079745769500732, -0.1430509090423584, -0.06960165500640869, 0.6202325820922852, 0.3436918258666992, -2.2022078037261963, -8.202967643737793, -0.07132121175527573, -0.6009122729301453, -0.21765395998954773, -0.07579118758440018, -0.10213443636894226, -0.554618775844574, -0.2733107805252075, -0.10626690089702606, -0.2726512849330902, -0.5196743607521057, -0.17406663298606873, -0.053740449249744415, -0.2526194453239441, -0.19213511049747467, -0.15726572275161743, 0.0570935420691967, 0.04696979373693466, 0.07312937080860138, -0.3134172558784485, -0.1306287795305252, -0.017970260232686996, -0.01051066443324089, -0.003441249020397663, -0.3938446044921875, 0.5362159013748169, 0.51154625415802, 0.3337351083755493, -0.35186299681663513, 0.7093191146850586, 0.14659859240055084, 0.2992619276046753, 0.4332818388938904, 0.20972709357738495, -8.12744426727295, 2.5198428630828857, 0.0, -0.38999998569488525, 0.47999998927116394, -0.6623125672340393, 0.30807608366012573, -0.5883525013923645, 0.3468034863471985, 0.7351502776145935, -0.6367965340614319, -0.08332975953817368, 0.21702612936496735, 0.0006128530949354172, -0.4523966312408447, 0.5139599442481995, 0.06393741071224213, -0.46505653858184814, 0.8755826354026794, -0.11397114396095276, 0.7926047444343567, -0.03376920521259308, -0.25713488459587097, 3.8581597805023193, 0.9722495675086975, 5.0107421875, 0.01850329525768757, -0.4510771632194519, 0.523280918598175, 0.04393111169338226, -0.41157859563827515, 0.905612051486969, -0.09241081029176712, 0.7778375744819641, 0.2068862020969391, 0.10381493717432022, -4.174484729766846, -0.935126006603241, 5.614612579345703, 0.03246298059821129, -0.4363360106945038, 0.538439154624939, 0.016967235133051872, -0.3334366977214813, 0.9413349032402039, -0.049199968576431274, 0.5090488791465759, 0.6230489611625671, 0.5204052329063416, -8.34409236907959, -0.8321337103843689, 2.87699031829834, 0.05468509718775749, -0.441118985414505, 0.5070918202400208, 0.0025715793017297983, -0.5074732303619385, 0.8600282669067383, -0.05306297540664673, 0.696750283241272, 0.30606621503829956, 0.551141083240509, -8.705249786376953, -5.053683280944824, 5.294619560241699, -0.07254226505756378, -0.3741968274116516, 0.5057123303413391, -0.35118237137794495, -0.5674318671226501, 0.7427108883857727, 0.05542916804552078, 0.2674953043460846, -0.17327095568180084, -0.24426375329494476, -0.9938290119171143, -7.392868518829346, -0.523226797580719, -0.39551234245300293, 3.301701545715332, -1.2844369411468506, -0.026265662163496017, -0.0007980515365488827, 0.003088237252086401, -0.44965261220932007, 3.8862881660461426, -1.3413506746292114, -0.047972578555345535, -0.001521201222203672, 0.0024497390259057283, -1.4744517803192139, 2.5955355167388916, -1.42524254322052, -0.01480741798877716, -0.012329962104558945, 0.011740252375602722, -0.8294718265533447, -0.5586791634559631, -0.2307143211364746, 0.03858960419893265, -0.0018094760598614812, 0.020816756412386894, -0.3110412359237671, 2.1657166481018066, 0.09847939014434814, -0.010085945017635822, -0.005533998366445303, -0.01562814973294735, -1.0, -0.3360069692134857, -1.0, -1.0, -1.0, -1.0, -0.361646443605423, -0.959941565990448, -0.29226797819137573, 1.0, -1.0, 0.8828434944152832, -0.7521570920944214, -1.0, 0.25602760910987854, -1.0, -1.0, -0.3417320251464844, 0.6637181043624878, 1.0]
[-0.005460837390273809, 0.23009245097637177, -0.4477790594100952, -0.8120875358581543, -0.7562437057495117, -0.8112640976905823, -0.2676474452018738, -0.5809255242347717, -0.7145990133285522, -0.8197396993637085, 0.07303792983293533, -0.020728984847664833, -0.8651095628738403, -0.8284630179405212, -0.5988032221794128, -0.04803194850683212, -0.9978548884391785, -0.5573220252990723, -0.6957404017448425, -0.4939015507698059, -0.8704646825790405, -0.2296937257051468, 0.23804761469364166, 0.8399442434310913, -0.6384152770042419, -0.12991361320018768, -0.023134654387831688, -0.18577726185321808, -0.41410207748413086, -0.13726148009300232, -0.0019988121930509806, 0.17977267503738403, -0.3743010461330414, -0.027628988027572632, 0.0917884036898613, 1.8005390167236328, 0.18721525371074677, 0.01859784498810768, 1.2391340732574463, -0.6473574638366699, -0.04576345905661583, 1.6879812479019165, 0.5218687653541565, -0.4561457633972168, -0.1528804749250412, -0.1736009567975998, 0.3544977605342865, 0.2886318862438202, -0.8843791484832764, 0.22771278023719788, 0.1720866858959198, 0.04919479787349701, 0.021986734122037888, 0.007625887170433998, 0.07303900271654129, -0.1556844562292099, -0.08601576834917068, -0.04522046074271202, -0.0327802412211895, -0.12328797578811646, -0.024272780865430832, -0.0028849057853221893, -0.015436403453350067, -0.12143086642026901, 0.04331454262137413, 0.045524243265390396, 0.028060713782906532, 0.08492552489042282, 0.002977041294798255, -0.008962060324847698, -0.05412914603948593, -0.022058235481381416, -0.0009974503191187978, -0.3888559341430664, 0.5413941144943237, 0.5653643012046814, 0.1641378104686737, -0.09810741990804672, 0.8023694753646851, 0.14659859240055084, 0.2992619276046753, 0.26974910497665405, 0.4076227843761444, -7.0846171379089355, 2.6876015663146973, 0.0, -0.38999998569488525, 0.47999998927116394, -0.6623125672340393, 0.30807608366012573, -0.5883525013923645, 0.3468034863471985, 0.7938359975814819, -0.5878785848617554, 0.15516634285449982, 0.012105342000722885, 0.012250741943717003, -0.4525924026966095, 0.5101251602172852, 0.08517887443304062, -0.4947170615196228, 0.8531575202941895, -0.14185065031051636, 0.6985661387443542, -0.016486916691064835, -0.2727260887622833, 4.118098735809326, 1.336176872253418, 3.2890303134918213, 0.029324481263756752, -0.4494587182998657, 0.5228811502456665, 0.05638791248202324, -0.40565168857574463, 0.9040941596031189, -0.12198726832866669, 0.6573708653450012, 0.06726247072219849, -0.10693546384572983, 1.7265186309814453, 0.3427688181400299, 3.19795298576355, 0.040408071130514145, -0.4272119998931885, 0.5450590252876282, 0.01928693801164627, -0.2606351673603058, 0.9624963402748108, -0.07278794050216675, 0.45945438742637634, 0.6994282603263855, 0.4128061532974243, -9.278676986694336, -1.404943823814392, 2.7252421379089355, 0.06574530899524689, -0.4356535077095032, 0.5158960819244385, -0.015275537967681885, -0.4186089038848877, 0.9003165364265442, -0.11816655844449997, 0.627579391002655, 0.5210670232772827, 0.7329537868499756, -12.979571342468262, -7.270969390869141, 5.2256550788879395, -0.06676499545574188, -0.377617746591568, 0.5028809905052185, -0.37902843952178955, -0.5756754279136658, 0.7238866090774536, 0.030386438593268394, 0.39863449335098267, -0.23214289546012878, -0.21803607046604156, 1.821875810623169, -3.6557440757751465, 1.347761631011963, 0.8909154534339905, -0.2954082489013672, 0.10960619151592255, 0.0031947633251547813, 0.010327602736651897, -0.0059427665546536446, 0.41527315974235535, 1.2423237562179565, -0.20802530646324158, -0.02658560499548912, 0.004993735812604427, -0.004187534097582102, -0.014680144377052784, 0.3534235954284668, -0.07655341923236847, 0.002416447503492236, 0.0005947756581008434, -0.000743883429095149, -0.2650567889213562, -0.6985510587692261, 0.13807044923305511, 0.017582450062036514, -0.0015473903622478247, 0.002593087265267968, -0.8028793931007385, 0.14888745546340942, 0.03693660721182823, -0.002959560602903366, -0.009212164208292961, -0.017293350771069527, -1.0, 0.12179099768400192, -0.5204004049301147, -1.0, -1.0, 0.12726537883281708, -0.5149490237236023, -1.0, 0.2306867092847824, 1.0, -0.6857692003250122, 0.993402898311615, -1.0, -1.0, 0.5354053974151611, -0.5793625116348267, -1.0, -0.7035349607467651, 0.47345414757728577, 1.0]
[-0.14769144356250763, 0.221697136759758, -0.3900378942489624, -0.837506890296936, -0.7976875901222229, -0.8257227540016174, -0.17526212334632874, -0.5738639235496521, -0.757326602935791, -0.8297876715660095, 0.10321769118309021, 0.15255017578601837, -0.8317214846611023, -0.8213635683059692, -0.3558860421180725, -0.20714479684829712, -0.9999786615371704, -0.36661243438720703, -0.5763209462165833, -0.4792121648788452, -0.8930715918540955, -0.32924047112464905, 0.27785906195640564, 0.8674701452255249, -0.44752368330955505, -0.013363929465413094, 0.3827337324619293, -0.2594252824783325, -0.36550137400627136, -0.1316600739955902, 0.5822018980979919, 0.005614662077277899, -0.4050193727016449, -0.1251806914806366, 0.14468397200107574, 1.500458836555481, 0.37379398941993713, 0.10279154777526855, 1.0705994367599487, -0.6469107270240784, 0.00016794813564047217, 1.8055943250656128, 1.7092688083648682, 0.51826411485672, -0.1684001088142395, -0.282058447599411, 0.1858253926038742, 0.23507831990718842, 5.305073261260986, 1.4094589948654175, 0.32892781496047974, 0.08225201070308685, 0.03526300564408302, 0.012527898885309696, 0.3545883297920227, 0.04603518173098564, 0.013098090887069702, 0.0014090824406594038, 0.12429361045360565, -0.0602286122739315, -0.01843935064971447, -0.004118692129850388, 0.016211289912462234, 0.12736187875270844, 0.04655984789133072, 0.008443336933851242, 0.04816205054521561, 0.0791962519288063, 0.1727893203496933, 0.07332012802362442, 0.04059334099292755, 0.008685021661221981, 0.0014634120743721724, -0.38420042395591736, 0.544181764125824, 0.5680637359619141, 0.01596401259303093, 0.14619795978069305, 0.809737503528595, 0.1486188769340515, 0.22259534895420074, 0.1846337467432022, 0.6795042753219604, -5.635037899017334, 2.688702344894409, 0.0, -0.38999998569488525, 0.47999998927116394, -0.6623125672340393, 0.30807608366012573, -0.5883525013923645, 0.3468034863471985, 0.7877383232116699, -0.4813173711299896, 0.34153300523757935, -0.17651379108428955, 0.019967224448919296, -0.45298656821250916, 0.5072005391120911, 0.0958910807967186, -0.5226868391036987, 0.8338262438774109, -0.14945639669895172, 0.3421415388584137, -0.051484741270542145, -0.19456537067890167, 3.6122684478759766, 1.3120864629745483, 0.311191201210022, 0.03609320893883705, -0.4489935338497162, 0.5217225551605225, 0.06091947853565216, -0.42371881008148193, 0.8948179483413696, -0.12669634819030762, 0.2598207890987396, -0.02245999686419964, -0.08292467147111893, 2.5954136848449707, 0.6904076933860779, -0.6770243644714355, 0.04610072076320648, -0.4177042245864868, 0.5505719184875488, 0.01632322371006012, -0.18120382726192474, 0.9791008830070496, -0.09088483452796936, 0.2234804779291153, 0.7036068439483643, 0.3573969304561615, -9.64441204071045, -1.8453458547592163, 1.505193829536438, 0.07391268014907837, -0.42869818210601807, 0.525952160358429, -0.04923885688185692, -0.2823992371559143, 0.9417468309402466, -0.17589455842971802, 0.24306711554527283, 0.6709290146827698, 0.7790628671646118, -19.193470001220703, -9.771279335021973, 2.151472568511963, -0.06102723255753517, -0.3806755542755127, 0.5008591413497925, -0.37631693482398987, -0.6005378365516663, 0.7049778699874878, 0.02731197327375412, 0.32391878962516785, -0.16247688233852386, -0.14249704778194427, 4.01742696762085, 0.5966771841049194, 1.5024223327636719, 1.7861952781677246, -0.5845584869384766, -0.11657398194074631, 0.003759521059691906, 0.011700725182890892, -0.00636682752519846, 1.9954421520233154, -0.22629106044769287, 0.06164977326989174, -0.0019852835685014725, 0.012600213289260864, -0.010685250163078308, 1.0895403623580933, 0.2599089741706848, 0.19809962809085846, -0.0002200575836468488, 0.003070869017392397, -0.00612770626321435, 1.1576695442199707, -0.6452299356460571, 0.2747911810874939, 0.038483601063489914, 0.0028455443680286407, -0.008063403889536858, 0.6368980407714844, -1.0812456607818604, 0.16556017100811005, 0.0034225648269057274, -0.0015053466195240617, -0.016369270160794258, -0.29793575406074524, 0.27328675985336304, 0.3484046757221222, -1.0, -1.0, 1.0, -0.587876558303833, -1.0, 0.3662249445915222, 1.0, -0.5798740983009338, 0.9238347411155701, -1.0, -1.0, 0.7130137085914612, -0.11123952269554138, -1.0, -1.0, 0.4075256884098053, 1.0]
[-0.2082567811012268, 0.22029170393943787, -0.2456652820110321, -0.8643482327461243, -0.8330392837524414, -0.8386675119400024, -0.0237523652613163, -0.5795781016349792, -0.7977651357650757, -0.8434200882911682, 0.14973485469818115, 0.2974678575992584, -0.769231379032135, -0.8052152991294861, -0.1581735610961914, -0.35816818475723267, -0.99955815076828, -0.1753784865140915, -0.35914283990859985, -0.3858407735824585, -0.9164232611656189, -0.44266611337661743, 0.29455265402793884, 0.8896068334579468, -0.06026715040206909, -0.010844923555850983, 0.7152191400527954, -0.24074338376522064, -0.30523011088371277, -0.11283143609762192, 0.650420069694519, -0.08375293016433716, -0.35681742429733276, -0.12596137821674347, 0.22181366384029388, 1.256961703300476, 0.68486088514328, 0.1983034312725067, 0.8328520655632019, -0.5901369452476501, 0.008970051072537899, 1.7449817657470703, 2.1822054386138916, 1.4832745790481567, -0.16237573325634003, -0.2743765711784363, 0.06119462847709656, 0.18857614696025848, 9.930391311645508, 0.04570051655173302, 0.48424211144447327, 0.02350737527012825, 0.018145285546779633, 0.007912292145192623, 0.38787516951560974, -0.016849322244524956, -0.0009476168779656291, 0.0002245873911306262, 0.21175362169742584, -0.12489290535449982, -0.03323948383331299, -0.006841263268142939, -0.014565149322152138, 0.31522005796432495, 0.008125197142362595, -0.026853181421756744, -0.005074185784906149, 0.08266575634479523, 0.20338031649589539, 0.10405763983726501, 0.1354256570339203, 0.03894336149096489, 0.0040596118196845055, -0.38138484954833984, 0.5461596250534058, 0.5510472655296326, -0.09558361023664474, 0.34871551394462585, 0.7520691752433777, 0.1546992063522339, 0.16650882363319397, 0.0801178440451622, 0.9581274390220642, -4.814522743225098, 2.639885187149048, 0.0, -0.38999998569488525, 0.47999998927116394, -0.6623125672340393, 0.30807608366012573, -0.5883525013923645, 0.3468034863471985, 0.7404040694236755, -0.3580946624279022, 0.45695921778678894, -0.33876001834869385, 0.020622698590159416, -0.4542314112186432, 0.5049650073051453, 0.09114136546850204, -0.5489407777786255, 0.8199852108955383, -0.1340954452753067, -0.2020973265171051, -0.1317569762468338, -0.17435134947299957, 3.1905910968780518, 0.9935305118560791, -3.28090500831604, 0.03663579002022743, -0.4497320353984833, 0.5206208229064941, 0.05575869232416153, -0.4460543096065521, 0.8863990902900696, -0.11055809259414673, -0.16446830332279205, -0.10960767418146133, -0.10914110392332077, 2.81624698638916, 0.6389893889427185, -2.9502530097961426, 0.04704369604587555, -0.4091339409351349, 0.554955005645752, 0.008267907425761223, -0.09507863223552704, 0.9910460114479065, -0.09337790310382843, -0.1181442141532898, 0.6247789859771729, 0.2458917498588562, -10.443238258361816, -2.0629208087921143, -0.8217860460281372, 0.07619507610797882, -0.4226134419441223, 0.534902811050415, -0.10026180744171143, -0.10481241345405579, 0.9677650928497314, -0.20589447021484375, -0.21500201523303986, 0.6061789393424988, 0.5239377021789551, -19.942474365234375, -10.981410026550293, -1.548811912536621, -0.05823642760515213, -0.3820507824420929, 0.49960440397262573, -0.35016441345214844, -0.6331186294555664, 0.6878469586372375, 0.05841353163123131, 0.05420687422156334, -0.021094514057040215, -0.09866652637720108, 6.0527544021606445, 5.124880313873291, -0.07476797699928284, 2.658114433288574, -0.32194942235946655, -0.4466720223426819, 0.0030830511823296547, 0.01504577323794365, -0.006515142507851124, 2.230128288269043, -0.008813474327325821, -0.16494812071323395, 9.238549682777375e-05, 0.008760623633861542, -0.006806775461882353, 1.820115089416504, 0.5113109350204468, -0.06626278907060623, 0.0008283989736810327, 0.00334602827206254, -0.011518419720232487, 2.0936295986175537, 0.369390606880188, 0.0028549344278872013, 0.00046667433343827724, 0.001722895773127675, -0.014957692474126816, 2.049102306365967, -1.4934335947036743, 0.3542892634868622, 0.007265026681125164, 0.0061577241867780685, -0.015927283093333244, 0.6150398850440979, 0.19025883078575134, 1.0, -1.0, -1.0, 1.0, -0.6455473899841309, -1.0, 0.5470214486122131, 1.0, -0.3146279752254486, 0.7549437284469604, -1.0, -1.0, 0.8250464200973511, 0.41555359959602356, -1.0, -1.0, 0.34545740485191345, 1.0]
[-0.19655853509902954, 0.21456477046012878, -0.06811358779668808, -0.8873855471611023, -0.8622069358825684, -0.8494816422462463, 0.12889355421066284, -0.5706770420074463, -0.8329513072967529, -0.8561652898788452, 0.1743740290403366, 0.41918623447418213, -0.6901236176490784, -0.780802845954895, -0.001490875380113721, -0.48422500491142273, -0.9970077872276306, -0.008897216990590096, -0.1401776820421219, -0.2695649266242981, -0.9272360801696777, -0.543317437171936, 0.30033957958221436, 0.9077619910240173, 0.12178372591733932, -0.06135842204093933, 0.7413758039474487, -0.1985916793346405, -0.25031545758247375, -0.09281424432992935, 0.6180984377861023, 0.17296317219734192, -0.30554553866386414, -0.11255791038274765, 0.03835610672831535, 1.0537923574447632, 0.7539622783660889, 0.24878346920013428, 0.6611506342887878, -0.46890902519226074, 0.027728630229830742, 1.4254668951034546, 1.8913668394088745, 1.4037426710128784, -0.02820912003517151, -0.23008130490779877, 0.02530401386320591, 0.15745072066783905, 4.527676105499268, -0.4585637152194977, 0.17496950924396515, -0.01902078092098236, 0.001257981057278812, 0.0022654191125184298, 0.15464383363723755, 0.031291548162698746, 0.023556526750326157, 0.010420703329145908, 0.057798322290182114, -0.12151087820529938, -0.04995046555995941, -0.01636650785803795, -0.06761367619037628, 0.16138482093811035, -0.026780739426612854, -0.05004122853279114, -0.035916175693273544, -0.015542962588369846, 0.08301541209220886, 0.052911266684532166, 0.07271517068147659, 0.02061300352215767, 0.006842439994215965, -0.3796882927417755, 0.546619713306427, 0.5256993770599365, -0.1849365532398224, 0.5116295218467712, 0.6539677381515503, 0.16628509759902954, 0.09858451038599014, -0.010871068574488163, 1.2486451864242554, -4.068544864654541, 2.514518976211548, 0.0, -0.38999998569488525, 0.47999998927116394, -0.6623125672340393, 0.30807608366012573, -0.5883525013923645, 0.3468034863471985, 0.6642583608627319, -0.23604631423950195, 0.5227288007736206, -0.4793721139431, 0.015894126147031784, -0.45591217279434204, 0.5026105642318726, 0.07519802451133728, -0.5732870697975159, 0.8090278506278992, -0.10564526170492172, -0.4203396439552307, -0.12825480103492737, -0.19212967157363892, 2.9385814666748047, 0.6822789311408997, -4.315912246704102, 0.03261180594563484, -0.4508461654186249, 0.5199078321456909, 0.043937552720308304, -0.46259915828704834, 0.8814058899879456, -0.08482394367456436, -0.35757285356521606, -0.0838465467095375, -0.04758937656879425, 1.5221333503723145, 0.2215215414762497, -3.69685959815979, 0.04492251202464104, -0.4020766615867615, 0.557561993598938, 8.19336055428721e-05, -0.008847320452332497, 0.9961138963699341, -0.08762836456298828, -0.19222255051136017, 0.5317257642745972, 0.10446716099977493, -9.825668334960938, -1.7280689477920532, -0.815612256526947, 0.07392826676368713, -0.4184786379337311, 0.541327714920044, -0.15220700204372406, 0.06182476878166199, 0.964235246181488, -0.20799285173416138, -0.3536417484283447, 0.4488637447357178, 0.24169513583183289, -16.20735740661621, -9.746129989624023, -2.923252820968628, -0.05858486518263817, -0.3818822205066681, 0.4988362193107605, -0.31999826431274414, -0.659476101398468, 0.6717301607131958, 0.10710188746452332, -0.10239766538143158, 0.056469712406396866, -0.05663369223475456, 5.263515472412109, 5.332355499267578, -1.2431821823120117, 0.9719897508621216, -0.015436558052897453, -0.21795915067195892, 0.002033870667219162, 0.004048941656947136, -0.0014789436245337129, 0.8934500217437744, -0.3005976974964142, -0.045568130910396576, 0.005911738146096468, 0.0026586398016661406, -0.0019687670283019543, 0.6404619216918945, 0.6773748993873596, -0.2578496038913727, -0.0062058838084340096, -3.963365452364087e-05, -0.0012226310791447759, 1.060604214668274, 0.7732805013656616, -0.4596504271030426, -0.02431696653366089, -0.0023058480583131313, -0.009731837548315525, 1.0847868919372559, -0.7357722520828247, 0.18346306681632996, 0.005041531287133694, 0.0032564138527959585, 0.003827094566076994, 0.3942050635814667, 0.12102331966161728, 1.0, -1.0, -1.0, 1.0, -0.41450443863868713, -1.0, 0.170785591006279, 1.0, -0.23962296545505524, 0.6829849481582642, -1.0, -1.0, 0.7559908032417297, 0.35136130452156067, -0.8972381949424744, -1.0, 0.33018186688423157, 1.0]
[-0.1657675802707672, 0.2084452211856842, 0.10386702418327332, -0.9071423411369324, -0.8864268660545349, -0.8584732413291931, 0.2708977162837982, -0.5116111040115356, -0.8274102210998535, -0.862132728099823, 0.16755501925945282, 0.5201840400695801, -0.6115046739578247, -0.7535343170166016, 0.12390165030956268, -0.5802538990974426, -0.994045615196228, 0.11783166974782944, 0.03299396112561226, -0.19783680140972137, -0.9189712405204773, -0.6261186599731445, 0.31276634335517883, 0.9231694936752319, 0.11118815094232559, -0.027937710285186768, 0.6877864003181458, -0.17365191876888275, -0.20928142964839935, -0.07789583504199982, 0.5642535090446472, 0.7579032778739929, 0.2466278076171875, 0.014681996777653694, -0.06356755644083023, 0.8678554892539978, 0.7110410332679749, 0.29581204056739807, 0.5300077795982361, -0.35114631056785583, 0.022697051987051964, 1.0332247018814087, 1.3974534273147583, 0.6071149706840515, 0.10828890651464462, -0.187411829829216, 0.10425145924091339, 0.1346629112958908, -0.2809368073940277, 0.5901764631271362, -0.048332568258047104, 0.040873490273952484, 0.01984230801463127, 0.007877177558839321, -0.030703086405992508, 0.18538442254066467, 0.11810623854398727, 0.051311805844306946, -0.01123153604567051, -0.049590013921260834, -0.03300744667649269, -0.009736815467476845, -0.03864644467830658, -0.0042574843391776085, -0.010661761276423931, -0.04213821515440941, -0.03673598915338516, -0.0884433388710022, 0.04345325753092766, 0.03220456466078758, -0.002747560851275921, -0.0019119417993351817, 0.00993595365434885, -0.37898921966552734, 0.5455164909362793, 0.4968552887439728, -0.26344195008277893, 0.637296736240387, 0.526864230632782, 0.18745490908622742, 0.038970015943050385, -0.10509787499904633, 1.6228523254394531, -3.7017934322357178, 2.4135096073150635, 0.0, -0.38999998569488525, 0.47999998927116394, -0.6623125672340393, 0.30807608366012573, -0.5883525013923645, 0.3468034863471985, 0.5625991225242615, -0.1239132434129715, 0.552410364151001, -0.6024704575538635, 0.00995338149368763, -0.45724552869796753, 0.5004726648330688, 0.05642149597406387, -0.5938313007354736, 0.7989550828933716, -0.07649553567171097, -0.3993661403656006, -0.0842541754245758, -0.14438459277153015, 2.4164137840270996, 0.39590102434158325, -3.992428779602051, 0.027387961745262146, -0.4503759443759918, 0.5223554968833923, 0.028617721050977707, -0.4449014961719513, 0.8931432962417603, -0.05948615446686745, -0.350782185792923, 0.12124504148960114, 0.3040172755718231, -4.895969867706299, -0.7523185610771179, -3.3852105140686035, 0.042481377720832825, -0.39604032039642334, 0.5589438080787659, -0.006483329925686121, 0.0702676996588707, 0.993986189365387, -0.08373585343360901, -0.15468554198741913, 0.479654461145401, 0.040726810693740845, -9.108258247375488, -1.5218673944473267, -0.2484697699546814, 0.07050929218530655, -0.4155147671699524, 0.545813798904419, -0.19375938177108765, 0.19052501022815704, 0.9418612718582153, -0.19762307405471802, -0.287362277507782, 0.3317837119102478, 0.12403066456317902, -11.919411659240723, -7.629392623901367, -2.5281739234924316, -0.06000185385346413, -0.3811238706111908, 0.49868640303611755, -0.3059297800064087, -0.6711279153823853, 0.6598226428031921, 0.14362534880638123, -0.11208022385835648, 0.06876489520072937, 0.0017916718497872353, 2.340555429458618, 2.3298559188842773, -1.6875115633010864, -0.2493661344051361, -0.29345202445983887, 0.061433132737874985, 0.003475397825241089, -0.002431674627587199, 0.0007474704179912806, -0.22075004875659943, -1.5844453573226929, 0.24317032098770142, 0.027545128017663956, -0.001966665033251047, 0.0014123233268037438, -0.07725455611944199, 0.39014968276023865, -0.022300567477941513, -0.003884570673108101, 0.00015975357382558286, 0.0021993720438331366, 0.006333071738481522, 0.634220540523529, -0.3978813886642456, -0.027222687378525734, -0.002824364695698023, -0.0025824042968451977, -0.052465297281742096, -0.3979719877243042, -0.045657772570848465, 0.002922414569184184, -0.0010724993189796805, 0.01772410422563553, -0.03106691874563694, 0.2207389771938324, 1.0, -1.0, -1.0, 1.0, 0.08686422556638718, -0.5671119689941406, 0.03756006062030792, 1.0, -0.20405764877796173, 0.6722061038017273, -1.0, -1.0, 0.6433684229850769, -0.03568026423454285, -0.7919660210609436, -1.0, 0.42652562260627747, 1.0]
[-0.14493466913700104, 0.19453102350234985, 0.21578510105609894, -0.9228684306144714, -0.8946056962013245, -0.8639899492263794, 0.39696595072746277, -0.37915292382240295, -0.7409582734107971, -0.8471558690071106, 0.17822352051734924, 0.604171872138977, -0.539060652256012, -0.6986587047576904, 0.22790499031543732, -0.6510950326919556, -0.9908027648925781, 0.2014007270336151, 0.15380464494228363, -0.20214559137821198, -0.9033036231994629, -0.6897661685943604, 0.3438640832901001, 0.9362090826034546, 0.05266963317990303, -0.13762903213500977, 0.3331746757030487, -0.13287289440631866, -0.005981029476970434, -0.02494151145219803, 0.49031344056129456, 1.4876567125320435, 1.0974887609481812, 0.26596957445144653, 0.10013635456562042, 0.7238670587539673, 0.6464107632637024, 0.6929002404212952, 0.44383683800697327, -0.2558915317058563, 0.027120089158415794, 0.6311237215995789, 0.9128677248954773, -0.40255576372146606, 0.11042114347219467, -0.1416580080986023, 0.2374553680419922, 0.11323408037424088, -1.4797523021697998, -0.8671926856040955, -0.18803106248378754, -0.05734262987971306, -0.004645851440727711, 0.002347551519051194, -0.06689849495887756, 0.11778725683689117, 0.11142682284116745, 0.05520123988389969, -0.001237352262251079, -0.08950948715209961, -0.04552837461233139, -0.0037066293880343437, -0.18741218745708466, -0.009740891866385937, -0.09508822858333588, -0.05686294659972191, -0.03619470074772835, -0.0924941748380661, -0.08663490414619446, -0.036546479910612106, -0.016024265438318253, -0.00531886238604784, 0.013069668784737587, -0.37873411178588867, 0.542953610420227, 0.4799509048461914, -0.32096976041793823, 0.7083917260169983, 0.4059637486934662, 0.17334622144699097, 0.020844411104917526, -0.18150871992111206, 1.4006470441818237, -1.7668617963790894, 1.661431908607483, 0.0, -0.38999998569488525, 0.47999998927116394, -0.6623125672340393, 0.30807608366012573, -0.5883525013923645, 0.3468034863471985, 0.4647187292575836, -0.049584727734327316, 0.5492434501647949, -0.6927549839019775, 0.005990433506667614, -0.4579479694366455, 0.4980962872505188, 0.04372292011976242, -0.6074559688568115, 0.7910537123680115, -0.05761444941163063, -0.19336581230163574, -0.036102939397096634, -0.18211588263511658, 1.4882110357284546, 0.236673966050148, -1.9283076524734497, 0.023016855120658875, -0.4466093182563782, 0.528742253780365, 0.014204191043972969, -0.36541080474853516, 0.9299530982971191, -0.0382157564163208, -0.2613029181957245, 0.45791521668434143, 0.5837727785110474, -13.528908729553223, -1.0928430557250977, -2.7399961948394775, 0.04069456458091736, -0.3910762667655945, 0.558983564376831, -0.012079648673534393, 0.14844365417957306, 0.9857714176177979, -0.07793060690164566, -0.10132132470607758, 0.40235957503318787, -0.08087340742349625, -9.513249397277832, -1.4873238801956177, -0.7715587019920349, 0.0677761659026146, -0.4134807586669922, 0.5483579039573669, -0.22428016364574432, 0.27583691477775574, 0.9159459471702576, -0.18615949153900146, -0.18290641903877258, 0.1880931556224823, 0.0032434945460408926, -7.226758003234863, -5.3396759033203125, -1.5569323301315308, -0.06120462715625763, -0.3804011642932892, 0.4981837868690491, -0.3171755075454712, -0.671420156955719, 0.6517220735549927, 0.15444350242614746, -0.07915401458740234, 0.05660545080900192, -0.07130123674869537, 0.10830582678318024, -1.7163084745407104, -1.918139100074768, -1.014338731765747, 0.13782984018325806, -0.017450934275984764, 0.004414999391883612, -0.009212876670062542, 0.0023319667670875788, -0.5377383828163147, -1.4355571269989014, 0.05214948579668999, 0.03366788849234581, -0.003383353352546692, 0.002556756604462862, -0.20160368084907532, 0.3713831603527069, -0.3972911536693573, 0.0018641171045601368, -0.0003739579988177866, -0.0013086015824228525, -0.0603303387761116, 0.4978874623775482, -0.837786853313446, -0.02872639149427414, -0.0015753619372844696, -0.0015861042775213718, -0.2574443519115448, 0.5697685480117798, -0.02164086326956749, -0.0031748339533805847, -0.0011997517431154847, 0.017119867727160454, -0.22069552540779114, 0.03461649641394615, 0.46975627541542053, -1.0, -0.8636423349380493, 1.0, 0.6785576343536377, 0.07321484386920929, 0.3759006857872009, 1.0, -0.17959590256214142, 0.6525662541389465, -0.9560693502426147, -1.0, 0.4895664155483246, -0.5237454175949097, -0.8344348073005676, -1.0, 0.5886684656143188, 1.0]
[-0.15377405285835266, 0.1515662670135498, 0.23743048310279846, -0.9352235198020935, -0.8314945101737976, -0.8549678325653076, 0.42878854274749756, -0.2295449674129486, -0.5788758397102356, -0.7871774435043335, 0.2576940059661865, 0.6720375418663025, -0.4882962107658386, -0.62395840883255, 0.30790048837661743, -0.6982555389404297, -0.9859666228294373, 0.24323256313800812, 0.22499187290668488, -0.26893290877342224, -0.8968985080718994, -0.735429584980011, 0.3989253640174866, 0.9471827149391174, -0.11141276359558105, -0.41554102301597595, -0.045365847647190094, -0.10219444334506989, 0.8919810652732849, 0.20342479646205902, -0.06875887513160706, 1.3230503797531128, 1.7094444036483765, 1.07725191116333, 0.4268839359283447, 0.5433873534202576, 0.3663824200630188, 0.6263691782951355, 0.3174705505371094, -0.15619762241840363, 0.04582299292087555, 0.2544427514076233, 0.46037283539772034, -1.041748285293579, 0.0024643284268677235, -0.10082947462797165, 0.39375290274620056, 0.09586874395608902, -4.593552589416504, -2.814793348312378, -0.3159026801586151, -0.19453638792037964, -0.008828318677842617, 0.012626112438738346, -0.2792591154575348, -0.2524576783180237, -0.062266141176223755, 0.027656838297843933, -0.01793978363275528, -0.17637014389038086, -0.08948805928230286, -0.04093160852789879, -0.46014344692230225, -0.048135850578546524, -0.23415416479110718, -0.07999441027641296, -0.03474056348204613, -0.040561385452747345, -0.2319905012845993, -0.11133407056331635, -0.055126264691352844, -0.01621720939874649, 0.015564302913844585, -0.3783833086490631, 0.5388185977935791, 0.46671298146247864, -0.37447595596313477, 0.7484453320503235, 0.28596556186676025, -0.038379400968551636, 0.07388551533222198, -0.273934930562973, 3.3349220752716064, -5.031639099121094, 2.5942156314849854, 0.0, -0.38999998569488525, 0.47999998927116394, -0.6623125672340393, 0.30807608366012573, -0.5883525013923645, 0.3468034863471985, 0.3615104556083679, 0.0031442642211914062, 0.5320490002632141, -0.7656527757644653, 0.006047372706234455, -0.45802661776542664, 0.49445223808288574, 0.04248037934303284, -0.5989469289779663, 0.7977277636528015, -0.055572282522916794, 0.13904470205307007, 0.022759584710001945, -0.22515903413295746, -2.894268274307251, -0.21188141405582428, 0.7866067886352539, 0.022602984681725502, -0.44046974182128906, 0.5335390567779541, 0.009790847077965736, -0.23848766088485718, 0.9704546928405762, -0.03528985753655434, 0.11135733872652054, 0.6393429636955261, 0.2998126149177551, -18.47701072692871, -0.9157373309135437, 0.9307757616043091, 0.04049793258309364, -0.38812223076820374, 0.5567523837089539, -0.013383731245994568, 0.21068662405014038, 0.9752943515777588, -0.06505995988845825, 0.060530055314302444, 0.18917788565158844, -0.23773887753486633, -5.593400001525879, -0.5259780287742615, -1.569317102432251, 0.0670713260769844, -0.41281476616859436, 0.5475683212280273, -0.24514295160770416, 0.31509092450141907, 0.8991341590881348, -0.17938855290412903, 0.011718167923390865, 0.02813117206096649, -0.18703295290470123, -2.0153112411499023, -2.706794261932373, -0.044072434306144714, -0.06133779510855675, -0.38017621636390686, 0.4956584572792053, -0.34671083092689514, -0.6709767580032349, 0.6390784978866577, 0.14546597003936768, 0.030162250623106956, 0.007719886023551226, -0.26292747259140015, 0.3138534724712372, -4.3438029289245605, -1.7036411762237549, -1.71690034866333, 0.35613059997558594, -0.08010081946849823, 0.0179680697619915, -0.012313446030020714, 0.0027464660815894604, -1.7675148248672485, 0.4315466284751892, -0.7800568342208862, 0.0341300368309021, -0.01038661040365696, 0.012687445618212223, -0.674949049949646, 1.005510687828064, -1.0304291248321533, -0.02584894746541977, -0.00029470756999216974, 0.0005541613791137934, -0.31324613094329834, 0.1861182153224945, -1.5920041799545288, -0.031948789954185486, 7.352090324275196e-05, -0.00080060277832672, -0.8702050447463989, 1.6036314964294434, -0.08331747353076935, -0.008367268368601799, -0.002293925965204835, 0.004388255532830954, -0.6765766143798828, -0.3588114380836487, -0.0677400454878807, -1.0, -0.15020723640918732, 0.024955961853265762, 0.5170421600341797, 0.5237271785736084, 1.0, 0.9656883478164673, -0.32979676127433777, 0.4979287385940552, -0.879625141620636, -0.9964413642883301, 0.313833087682724, -0.8251783847808838, -0.9638736248016357, -1.0, 0.7829526662826538, 1.0]
[-0.18949449062347412, 0.10404942184686661, 0.13729161024093628, -0.9497712254524231, -0.661129355430603, -0.8151494860649109, 0.3586861491203308, -0.06596280634403229, -0.3613490164279938, -0.5985767245292664, 0.3671920895576477, 0.70904541015625, -0.4201439917087555, -0.5602816343307495, 0.3724993169307709, -0.7138572931289673, -0.9862520098686218, 0.30676525831222534, 0.2719472050666809, -0.34345850348472595, -0.8734798431396484, -0.781186580657959, 0.45072293281555176, 0.9564611315727234, -0.1541440486907959, -0.27467286586761475, -0.6145409941673279, -0.13848629593849182, 1.9333196878433228, 0.5483183264732361, -0.40653038024902344, 1.6265544891357422, 2.1743078231811523, 2.3056271076202393, 0.46118971705436707, 0.23151569068431854, 0.7661294341087341, 0.6755532026290894, 0.29092204570770264, -0.014139977283775806, -0.02495616488158703, 0.7631188035011292, 0.5704033374786377, -0.8473008275032043, 0.2598957121372223, -0.11451669782400131, 0.2795451283454895, 0.08011218905448914, -1.220873475074768, 2.0461201667785645, -0.2137201726436615, 0.12714816629886627, 0.10649286210536957, 0.05487371236085892, -0.10834608227014542, 0.2001020610332489, 0.07901017367839813, 0.06659194827079773, -0.007426262833178043, -0.02086012065410614, 0.0052834851667284966, 0.01007082499563694, 0.10304156690835953, -0.040000997483730316, 0.0476197749376297, 0.036659665405750275, 0.024438921362161636, 0.019025549292564392, 0.17466962337493896, 0.09300407767295837, -0.04083807021379471, -0.014517882838845253, 0.01542561687529087, -0.3779648542404175, 0.5337072610855103, 0.38686302304267883, -0.4861593246459961, 0.7809053659439087, 0.06459691375494003, 0.0030983397737145424, 0.02812819927930832, -0.3376745283603668, 3.8253700733184814, -4.610586643218994, 2.2271785736083984, 0.0, -0.38999998569488525, 0.47999998927116394, -0.6623125672340393, 0.30807608366012573, -0.5883525013923645, 0.3468034863471985, 0.13149400055408478, 0.10108909755945206, 0.5116326212882996, -0.8430435061454773, 0.010617355816066265, -0.45699453353881836, 0.4922907054424286, 0.05190980061888695, -0.5466777682304382, 0.8321642875671387, -0.07714448124170303, 0.39860662817955017, 0.1622542440891266, 0.10509610176086426, -10.172286987304688, -1.8554431200027466, 3.8704535961151123, 0.02518172189593315, -0.43143829703330994, 0.5376917123794556, 0.004367310553789139, -0.03107753023505211, 0.9980272054672241, -0.05437667295336723, 0.13405753672122955, 1.076339840888977, 0.3208785951137543, -29.017623901367188, -2.918419599533081, 2.9749069213867188, 0.04176004230976105, -0.38620710372924805, 0.5538732409477234, -0.011253485456109047, 0.26174426078796387, 0.9636767506599426, -0.05186918005347252, 0.09787320345640182, 0.21078205108642578, -0.2013787478208542, -7.007260322570801, -0.4683634638786316, -1.489009976387024, 0.06735026836395264, -0.41192641854286194, 0.5456722378730774, -0.2638860046863556, 0.34620851278305054, 0.8839759230613708, -0.17055879533290863, -0.018372220918536186, 0.1389792263507843, -0.15453191101551056, -4.490346908569336, -4.190184116363525, -1.4884542226791382, -0.0605170801281929, -0.38035333156585693, 0.4934973120689392, -0.37429356575012207, -0.6684790253639221, 0.628984272480011, 0.13198064267635345, 0.050505492836236954, -0.0013963335659354925, -0.0968187004327774, -0.8540472984313965, -3.0446996688842773, -1.278002381324768, -1.1376852989196777, -1.5200115442276, 0.2816820740699768, 0.03207353875041008, -0.010981043800711632, 0.004398428834974766, -0.48932138085365295, -1.3937568664550781, 0.6489967107772827, 0.045685600489377975, -0.001367188524454832, 0.007007329724729061, -0.11775362491607666, -0.0026089558377861977, 0.28671178221702576, 0.010031692683696747, 0.0010063325753435493, 0.0010254142107442021, -0.28285863995552063, -0.2851657271385193, 0.4461140036582947, 0.02016143687069416, -0.0007914192974567413, 9.413705265615135e-05, -0.5982767939567566, -1.1567890644073486, -0.19940637052059174, 0.007699087727814913, -0.004945457447320223, -0.0014952172059565783, -0.561816930770874, 0.004000867251306772, -0.9845576882362366, -1.0, 0.6753695011138916, -0.3456690013408661, 1.0, 1.0, 1.0, 0.7986568808555603, 0.09770552814006805, 0.7507655024528503, -0.6874402761459351, -1.0, 0.8472516536712646, -0.6958211660385132, -0.5844640135765076, -1.0, 0.6648374795913696, 1.0]
[-0.25329703092575073, 0.08079226315021515, -0.021187998354434967, -0.9426265358924866, -0.4556783437728882, -0.6858749389648438, 0.2172519862651825, 0.07983782142400742, -0.14634650945663452, -0.33231377601623535, 0.4748811721801758, 0.66789311170578, -0.3204619586467743, -0.46819886565208435, 0.43060025572776794, -0.7346659898757935, -0.9653165340423584, 0.3488325774669647, 0.3386169970035553, -0.42953410744667053, -0.8139496445655823, -0.7726721167564392, 0.4797268509864807, 0.9643992185592651, -0.2950598895549774, -0.08829087764024734, -0.675853967666626, 0.1835888773202896, 1.8848942518234253, 1.8367321491241455, -0.5193787217140198, 0.8206499218940735, 1.6927709579467773, 2.4862160682678223, 0.4603922367095947, -0.3647974133491516, 1.0227490663528442, 1.031903624534607, 0.26089394092559814, -0.12790274620056152, 0.30966493487358093, 0.1914585828781128, 0.5354137420654297, -1.169605016708374, 0.5256674885749817, 0.09703251719474792, 0.12335500866174698, 0.06869731098413467, -3.0058884620666504, 1.8841075897216797, -0.1305450201034546, 0.20288345217704773, 0.05779712647199631, 0.06741707772016525, -0.042490750551223755, -0.44210389256477356, -0.3141552805900574, -0.12775205075740814, -0.012190514244139194, 0.19182386994361877, 0.08590873330831528, 0.0428272970020771, 0.04271280765533447, -0.13094505667686462, 0.1001468151807785, -0.006991848349571228, -0.018810024484992027, -0.02679963782429695, 0.11558421701192856, 0.09172174334526062, -0.07217009365558624, -0.023931946605443954, 0.01520299818366766, -0.37684449553489685, 0.5318179726600647, 0.369132399559021, -0.5117478966712952, 0.7754392027854919, -0.02343614585697651, -0.017861954867839813, 0.312957763671875, 0.07226839661598206, -1.1156346797943115, 1.0327463150024414, 1.0177968740463257, 0.0, -0.38999998569488525, 0.47999998927116394, -0.6623125672340393, 0.30807608366012573, -0.5883525013923645, 0.3468034863471985, 0.0503004789352417, 0.1261472851037979, 0.4803524613380432, -0.8664976954460144, 0.01800091378390789, -0.45456328988075256, 0.4942168891429901, 0.05700153857469559, -0.4348312020301819, 0.8910205960273743, -0.11728168278932571, 0.5026186108589172, 0.35818058252334595, 0.44186779856681824, -18.43838882446289, -4.965088367462158, 4.849240779876709, 0.02908644825220108, -0.42107170820236206, 0.5412792563438416, -0.016316523775458336, 0.20588579773902893, 0.9745078086853027, -0.08763181418180466, 0.13511888682842255, 0.8178569078445435, -0.11370640993118286, -24.115537643432617, -4.7343573570251465, 4.1724467277526855, 0.04443036764860153, -0.3864666223526001, 0.5518038272857666, -0.009414684027433395, 0.3121068775653839, 0.9490007758140564, -0.043567851185798645, 0.18767298758029938, 0.1391943395137787, -0.15935873985290527, -8.02128791809082, -0.5147343277931213, -0.7477778792381287, 0.06860259175300598, -0.4095325469970703, 0.546139121055603, -0.28461742401123047, 0.38779890537261963, 0.8611609935760498, -0.1643369048833847, 0.08655995875597, 0.21626617014408112, 0.024813178926706314, -4.395039081573486, -3.630462408065796, 0.075339674949646, -0.059010203927755356, -0.38086214661598206, 0.4940226376056671, -0.40124252438545227, -0.6510977745056152, 0.635210394859314, 0.10762833058834076, 0.11077713221311569, -0.04330029711127281, 0.11047303676605225, -4.61282205581665, -3.54166579246521, -0.8369200825691223, -0.6232305765151978, -1.4397931098937988, 0.4908945560455322, 0.04582018032670021, -0.002736060880124569, 0.0016540252836421132, -0.15462306141853333, 3.7105467319488525, -1.9897994995117188, -0.07209385931491852, -0.001347409444861114, -0.0062704551964998245, -0.3186352252960205, -1.0515456199645996, 0.8784705400466919, 0.027054116129875183, 0.001380259869620204, 0.0013405305799096823, -0.734935462474823, 0.46777576208114624, 0.3054177165031433, -0.011793388053774834, 0.0032861907966434956, 0.005309985019266605, -1.012317419052124, -1.0459957122802734, -0.2758471369743347, 0.008774111047387123, -0.007734872400760651, 0.0081530986353755, -1.0, 0.19118043780326843, -1.0, -0.7355891466140747, 0.6484143137931824, -1.0, 0.9627994298934937, 1.0, 1.0, -0.1101553663611412, 0.281054824590683, 0.7726112008094788, -1.0, -0.7134124040603638, 0.358428031206131, -1.0, -0.31253811717033386, -0.3614085614681244, 0.5341416597366333, 1.0]
[-0.34239479899406433, 0.05091572180390358, -0.17701426148414612, -0.9333399534225464, -0.30889880657196045, -0.47500213980674744, 0.14013026654720306, 0.0221440177410841, -0.03420206531882286, -0.12418095022439957, 0.5577943921089172, 0.6559301018714905, -0.28384506702423096, -0.37234342098236084, 0.45301327109336853, -0.7504631280899048, -0.960921585559845, 0.36560502648353577, 0.36236506700515747, -0.4724772274494171, -0.679770290851593, -0.719492495059967, 0.46818259358406067, 0.9182313680648804, -0.35780632495880127, -0.32988807559013367, -0.6219696402549744, 0.029785308986902237, 1.0717443227767944, 1.8260809183120728, -0.4315281808376312, -0.9024388194084167, 0.8534929156303406, 1.3893516063690186, 0.2659437954425812, -0.04246193915605545, -0.055699944496154785, 0.5715010762214661, 0.09454559534788132, -0.01503195334225893, -0.13454195857048035, 0.0006000727298669517, -0.03575613722205162, -0.18518441915512085, 1.2178065776824951, 0.16128450632095337, -0.17675481736660004, -0.6842027902603149, -1.0636974573135376, -3.255554437637329, -0.030539527535438538, -0.25792208313941956, -0.15883363783359528, -0.07627871632575989, -0.07631205767393112, -0.18849951028823853, -0.05834449827671051, -0.06359677761793137, -0.033585675060749054, -0.39326876401901245, -0.2353024184703827, -0.11709234863519669, -0.2615753412246704, 0.05254742130637169, -0.23593470454216003, -0.10934597998857498, -0.053782232105731964, 0.12175717949867249, 0.11152949184179306, 0.08075931668281555, -0.034415103495121, -0.029443033039569855, 0.015048803761601448, -0.37986868619918823, 0.5302467942237854, 0.3927226960659027, -0.5050886273384094, 0.760434091091156, -0.11132955551147461, 9.3778595328331e-05, -0.30734485387802124, -0.12815111875534058, 2.1650004386901855, -1.4418914318084717, 2.503046751022339, 0.0, -0.38999998569488525, 0.47999998927116394, -0.6623125672340393, 0.30807608366012573, -0.5883525013923645, 0.3468034863471985, -0.0004359883314464241, 0.13171713054180145, 0.4117582142353058, -0.9017236828804016, 0.026575282216072083, -0.4516231119632721, 0.49441349506378174, 0.05144702270627022, -0.3090546131134033, 0.9355331063270569, -0.16314496099948883, 0.49877482652664185, 0.3444332778453827, -0.03190498799085617, -12.106417655944824, -4.823632717132568, 4.82334566116333, 0.03483414649963379, -0.4211837351322174, 0.537529468536377, -0.03293953463435173, 0.295840859413147, 0.9481120109558105, -0.11169922351837158, 0.36478736996650696, -0.09126602858304977, -0.4202520251274109, -4.881756782531738, -1.3105449676513672, 3.9665369987487793, 0.048219092190265656, -0.3861478567123413, 0.5497205853462219, -0.008626991882920265, 0.3487643599510193, 0.9361494183540344, -0.04374083876609802, 0.2551935613155365, -0.02708713710308075, -0.1851101517677307, -0.7995398640632629, 0.3540504574775696, 0.5105806589126587, 0.07254290580749512, -0.4078262150287628, 0.5445998907089233, -0.2960854768753052, 0.3935632109642029, 0.853380024433136, -0.17083267867565155, 0.2805686593055725, -0.0038585765287280083, -0.19292409718036652, 2.0747416019439697, 0.4251347780227661, 2.1276419162750244, -0.057454198598861694, -0.3812469244003296, 0.49785274267196655, -0.3921768367290497, -0.6247981190681458, 0.6696882247924805, 0.0856863334774971, 0.10919370502233505, -0.0448995865881443, 0.3913801610469818, -5.8666090965271, 3.5986526012420654, 2.618807077407837, -0.044520989060401917, 2.174579620361328, -1.1303706169128418, -0.04366002231836319, 0.0008571883663535118, -0.000707482744473964, -0.42713943123817444, 0.7489351034164429, -1.2866967916488647, -0.05236275494098663, 0.006217614747583866, 0.009809601120650768, -0.20097056031227112, 2.5664443969726562, -2.2434136867523193, -0.07859568297863007, 0.004157098475843668, 0.006569582503288984, 0.3710705041885376, 0.30009323358535767, -1.6574923992156982, -0.04928082972764969, 0.0009356433292850852, -0.0035507904831320047, -0.7697068452835083, -1.1280266046524048, -0.04112822562456131, 0.013845008797943592, -0.017127731814980507, -0.02276584319770336, -1.0, -0.4554804265499115, -1.0, -1.0, 0.14702792465686798, -1.0, -0.5034176111221313, 0.4764082431793213, 1.0, -1.0, -0.8971051573753357, 0.31728824973106384, -0.8143090605735779, -0.882512629032135, 0.7939391136169434, -0.41218051314353943, 0.4617669880390167, -0.2479674518108368, 0.2182426154613495, 0.37567225098609924]
[-0.44117164611816406, -0.038998257368803024, -0.2826911211013794, -0.8823352456092834, -0.25400903820991516, -0.33985552191734314, 0.027496740221977234, 0.023632274940609932, -0.05045277252793312, -0.052189312875270844, 0.6182670593261719, 0.626064658164978, -0.2508816719055176, -0.3403973877429962, 0.4450210928916931, -0.7204058170318604, -0.9792040586471558, 0.3724346458911896, 0.35728269815444946, -0.5232361555099487, -0.478754460811615, -0.6537064909934998, 0.4851129353046417, 0.8912067413330078, -0.3780709505081177, -0.8276405334472656, -0.3311987519264221, 0.6898431777954102, 0.20605559647083282, 0.7293974161148071, -0.3858695924282074, 0.2254185676574707, -0.8283751606941223, 0.06199677661061287, 0.26026079058647156, -0.06098616123199463, 0.47901344299316406, 0.2555932104587555, -0.029607636854052544, 0.15973983705043793, -0.09033181518316269, 0.12535744905471802, -0.011691519990563393, -0.8530269861221313, 1.5762200355529785, 0.16417521238327026, 0.25909364223480225, -0.020638613030314445, -0.1333916038274765, -4.674715995788574, 0.07297250628471375, -0.16506996750831604, -0.1004091203212738, -0.07729017734527588, 0.0512477308511734, -0.11203816533088684, -0.1334024965763092, -0.09736992418766022, -0.0035928492434322834, -0.052224937826395035, 0.04413023591041565, 0.021299777552485466, -0.3459280729293823, 0.11617046594619751, -0.12088671326637268, 7.561990059912205e-05, 0.012160168029367924, -0.045032333582639694, -0.13505595922470093, -0.06243843212723732, 0.09812287986278534, 0.0528140589594841, 0.017196154221892357, -0.38364920020103455, 0.5270512700080872, 0.4502236247062683, -0.5032339096069336, 0.7232630252838135, -0.1447233110666275, 0.1758754402399063, -0.24840901792049408, -0.2660399377346039, 0.33084774017333984, 1.2869999408721924, 1.1925510168075562, 0.0, -0.38999998569488525, 0.47999998927116394, -0.6623125672340393, 0.30807608366012573, -0.5883525013923645, 0.3468034863471985, -0.012971828691661358, 0.08419857174158096, 0.3602769076824188, -0.9289472103118896, 0.03446901589632034, -0.44896072149276733, 0.48944345116615295, 0.04463883116841316, -0.24385137856006622, 0.9480714797973633, -0.1992596834897995, 0.4272230267524719, 0.21237067878246307, -0.38805559277534485, -3.391709804534912, -2.324867010116577, 3.42203426361084, 0.041934408247470856, -0.4221472442150116, 0.530290961265564, -0.04383977875113487, 0.29031693935394287, 0.9448964595794678, -0.14479179680347443, 0.4241607189178467, -0.19703270494937897, -0.4741041362285614, 6.657196521759033, 1.6306302547454834, 3.7927467823028564, 0.053151924163103104, -0.3883937895298004, 0.543640673160553, -0.003907606936991215, 0.33758997917175293, 0.9398888349533081, -0.05124971643090248, 0.31395402550697327, -0.08460582792758942, -0.4555363953113556, 0.5405371189117432, 1.0930639505386353, 0.6770505905151367, 0.07825389504432678, -0.4086592197418213, 0.5364698171615601, -0.29645124077796936, 0.3585793375968933, 0.8672606945037842, -0.17718984186649323, 0.33258381485939026, -0.11031121015548706, -0.5569092035293579, 4.277392387390137, 1.293494701385498, 1.1719516515731812, -0.056801386177539825, -0.3803185820579529, 0.5013397932052612, -0.3906429409980774, -0.5901904106140137, 0.7011470198631287, 0.08640637993812561, -0.02849089913070202, 0.13417823612689972, 0.21242806315422058, -4.378136157989502, 1.0934295654296875, -3.3529884815216064, 0.4735792279243469, 1.6254550218582153, -1.1069058179855347, -0.05290835350751877, 0.003594535170122981, -0.005353621207177639, 0.14522653818130493, 1.2281627655029297, -1.5397483110427856, -0.07894748449325562, -0.005621917545795441, -0.005904309451580048, -0.17755089700222015, -0.9405006170272827, -0.7277513742446899, 0.007192270830273628, -0.0010547012789174914, 0.002036319812759757, 0.7340937852859497, -0.6586620211601257, -0.6242417097091675, 0.0022802376188337803, -0.0005473316996358335, -0.005996548570692539, 1.697424054145813, 0.915938138961792, 0.08900368213653564, -0.003210559021681547, 0.02565528079867363, 0.002878366271033883, -1.0, -1.0, -0.5898846983909607, -0.40496641397476196, -0.301215797662735, -1.0, 0.994633138179779, -0.4606204926967621, 1.0, -1.0, -0.2336074262857437, -0.09935296326875687, -0.5184498429298401, -0.8888892531394958, 0.8990708589553833, -1.0, 0.8115853667259216, -0.3039032518863678, 0.8622596263885498, 1.0]
[-0.5373595356941223, -0.15672370791435242, -0.2742026746273041, -0.8535125255584717, -0.2888907790184021, -0.31337693333625793, -0.03714953362941742, 0.06738504022359848, -0.1949954479932785, -0.07958824932575226, 0.6595988869667053, 0.5960673093795776, -0.229453444480896, -0.3080454468727112, 0.33873727917671204, -0.7210798859596252, -0.9431926608085632, 0.37487027049064636, 0.3628781735897064, -0.5938634872436523, -0.31308603286743164, -0.5703933835029602, 0.5348772406578064, 0.8991356492042542, -0.34338411688804626, -0.8340165019035339, 0.2347618192434311, 0.02338932268321514, -0.6069673895835876, -0.03697436302900314, -0.24129191040992737, 0.3831210434436798, -1.6402794122695923, -0.44933733344078064, 0.15412718057632446, -0.2066272497177124, 0.05768253281712532, 0.25842395424842834, -0.7820338606834412, -0.08752338588237762, 0.5344496965408325, -0.00277539505623281, 0.05886038765311241, -0.8818821310997009, 0.9864023327827454, 0.21900354325771332, 0.3356858193874359, 0.12337201088666916, 1.4221662282943726, 0.3103134334087372, 0.19587627053260803, -0.16576969623565674, -0.12372724711894989, -0.06703301519155502, 0.04594585299491882, -0.02287280559539795, -0.06756828725337982, -0.041240956634283066, 0.00713519798591733, -0.09875457733869553, -0.07016653567552567, -0.03159943222999573, -0.360261470079422, -0.06169825419783592, -0.06997358053922653, -0.0035030394792556763, 0.005308305379003286, 0.0005536082317121327, -0.2315310835838318, -0.12382778525352478, 0.021864445880055428, 0.011531339026987553, 0.020386379212141037, -0.38859042525291443, 0.5227032899856567, 0.5182167887687683, -0.4882075786590576, 0.6849123239517212, -0.15491867065429688, 0.2699792683124542, -0.238094300031662, -0.3051355183124542, -0.4292309880256653, 1.588982343673706, 0.9574106335639954, 0.0, -0.38999998569488525, 0.47999998927116394, -0.6623125672340393, 0.30807608366012573, -0.5883525013923645, 0.3468034863471985, 0.0008817637572064996, 0.027146512642502785, 0.3100789785385132, -0.9503228068351746, 0.040020477026700974, -0.4476487338542938, 0.47916626930236816, 0.050567399710416794, -0.2691150903701782, 0.9383159279823303, -0.21114736795425415, 0.30509406328201294, -0.040154825896024704, -0.7801955938339233, 6.684510231018066, 2.88134503364563, 0.6092687249183655, 0.048799727112054825, -0.42384177446365356, 0.5213800072669983, -0.038626790046691895, 0.20756161212921143, 0.9620440006256104, -0.1729084849357605, 0.4415265619754791, -0.28851500153541565, -0.47481074929237366, 12.022401809692383, 4.11001443862915, 2.915557622909546, 0.05832924321293831, -0.3911072313785553, 0.5354613661766052, 0.0027584994677454233, 0.3148476779460907, 0.9470575451850891, -0.06281150877475739, 0.3046543598175049, -0.17840459942817688, -0.45429953932762146, 3.333373546600342, 1.4721063375473022, 1.0005426406860352, 0.08513139188289642, -0.40860575437545776, 0.5255661010742188, -0.28567665815353394, 0.3288498818874359, 0.8804418444633484, -0.18726660311222076, 0.4790554642677307, 0.009220181964337826, -0.6427034735679626, 2.5185506343841553, 3.616640329360962, 1.5538249015808105, -0.0564410425722599, -0.3788283169269562, 0.5017637610435486, -0.4104163944721222, -0.5612420439720154, 0.7120282053947449, 0.09788551926612854, -0.019003750756382942, 0.1310960203409195, -0.034313034266233444, -1.875066876411438, -0.6603118181228638, -3.6942951679229736, 1.0635062456130981, 1.4800784587860107, -0.9058796763420105, -0.044831834733486176, 0.004397786222398281, -0.011693961918354034, 0.308586984872818, 0.8123208284378052, -0.4165589511394501, -0.02905614674091339, -0.002180839888751507, -0.0030693248845636845, 0.21557605266571045, 0.8193891644477844, -0.4734426736831665, -0.01930859312415123, -0.0003402899601496756, -0.0008072381024248898, -0.5028645992279053, -0.2914502024650574, -0.4215257167816162, 0.0009365518926642835, -0.005988919176161289, 0.010864969342947006, 0.4118761122226715, 1.602750301361084, 0.19738702476024628, -0.01220780797302723, 0.0049413274973630905, -0.002841382520273328, -1.0, -0.8664121627807617, 0.32227689027786255, -1.0, -0.8072503209114075, -0.9668571352958679, 0.9513580203056335, -1.0, 1.0, -1.0, -0.6434952020645142, -1.0, -1.0, -0.3132660388946533, 0.7237828969955444, -1.0, 0.2797373831272125, -0.11199770122766495, 0.8664989471435547, 1.0]
[-0.6215710043907166, -0.22037780284881592, -0.24777168035507202, -0.8691223859786987, -0.38030806183815, -0.333110511302948, -0.07305334508419037, 0.07635897397994995, -0.36593466997146606, -0.13451337814331055, 0.6845667362213135, 0.5337755680084229, -0.25107714533805847, -0.2983516454696655, 0.12302345037460327, -0.7480116486549377, -0.8291975259780884, 0.36394914984703064, 0.37312182784080505, -0.6594616174697876, -0.27858152985572815, -0.5551096796989441, 0.5954782366752625, 0.9136813282966614, -0.2986031770706177, -0.19670633971691132, 0.03970787301659584, -0.22608855366706848, -0.9666433334350586, -0.2767154574394226, -0.09015370905399323, -0.14145301282405853, -1.5729364156723022, -0.5406388640403748, 0.09505638480186462, -0.7886543273925781, -0.35854554176330566, -0.02669808827340603, -1.0811847448349, -0.13249264657497406, 1.381591796875, -0.0749611034989357, 0.06290095299482346, -0.7737013697624207, -0.16089940071105957, -0.0708799883723259, 0.39445924758911133, 0.14058028161525726, 1.1332769393920898, 6.73234748840332, -0.013788588345050812, 0.3879474103450775, 0.09507916122674942, 0.015252344310283661, 0.048607707023620605, 0.17974671721458435, 0.026508908718824387, -0.003056615125387907, 0.010718251578509808, -0.08659745752811432, -0.12226563692092896, -0.05868665128946304, 0.5703762769699097, -0.10908890515565872, 0.5128230452537537, 0.15915381908416748, 0.03404370695352554, 0.009429579600691795, -0.1829429715871811, -0.15412655472755432, -0.034619059413671494, -0.01013979222625494, 0.023360490798950195, -0.3945794105529785, 0.5192096829414368, 0.5780115723609924, -0.44679495692253113, 0.6608272790908813, -0.17200033366680145, 0.11408579349517822, -0.4595228135585785, -0.15225255489349365, -0.7359086871147156, 0.7691927552223206, 2.0352635383605957, 0.0, -0.38999998569488525, 0.47999998927116394, -0.6623125672340393, 0.30807608366012573, -0.5883525013923645, 0.3468034863471985, 0.027250537648797035, -0.004361215513199568, 0.24582678079605103, -0.968920886516571, 0.04473213106393814, -0.4469424784183502, 0.47063636779785156, 0.06708948314189911, -0.3324732780456543, 0.915806770324707, -0.21507790684700012, 0.34213992953300476, -0.03651675581932068, -0.4279693067073822, 7.50088357925415, 3.62614369392395, 1.4501609802246094, 0.05505961552262306, -0.425881952047348, 0.5150800347328186, -0.02416693978011608, 0.10577867925167084, 0.974855899810791, -0.19463512301445007, 0.42081886529922485, -0.29467225074768066, -0.22631420195102692, 11.359298706054688, 4.610107898712158, 1.9998054504394531, 0.06283550709486008, -0.39452531933784485, 0.5300260186195374, 0.00806103553622961, 0.2700157165527344, 0.9600123763084412, -0.07350301742553711, 0.25920209288597107, -0.31471914052963257, -0.1551523506641388, 6.680217266082764, 1.2479743957519531, 0.7172220349311829, 0.09162577241659164, -0.4058113098144531, 0.5191131830215454, -0.266838937997818, 0.32852044701576233, 0.8825312852859497, -0.204962819814682, 0.3337877094745636, 0.2811232805252075, -0.1676873415708542, -3.2967939376831055, 1.8064073324203491, 0.7975731492042542, -0.05510546639561653, -0.3786664307117462, 0.4988880753517151, -0.43820691108703613, -0.5576848387718201, 0.6984810829162598, 0.09532205015420914, 0.10007650405168533, -0.020168974995613098, -0.296288400888443, 1.1519126892089844, -4.592718601226807, -0.9505677223205566, -0.09035404026508331, -0.9736472964286804, 1.786197304725647, 0.0006476374110206962, -0.002097933553159237, 0.0022125232499092817, 0.27357470989227295, 0.533266007900238, 1.4733797311782837, 0.004942374769598246, -0.002446895930916071, -0.003963142167776823, 0.43015632033348083, 2.081301689147949, 0.3168928623199463, -0.027467122301459312, 0.00178433395922184, -0.0034769349731504917, -0.7656214237213135, 0.6016571521759033, 3.0625457763671875, 0.04306856170296669, 0.0009936178103089333, 0.007343214936554432, -0.5020977258682251, 1.8607968091964722, 0.16189055144786835, -0.022064004093408585, -0.002106225350871682, 0.00416483823210001, -1.0, 0.022007429972290993, -0.2771214544773102, -1.0, -1.0, -1.0, 0.5935738682746887, -1.0, 1.0, -1.0, -0.7702796459197998, -1.0, -1.0, 0.28002631664276123, 0.41542330384254456, -1.0, -0.712695300579071, -1.0, 0.959963321685791, 1.0]
[-0.693660318851471, -0.19670531153678894, -0.30359673500061035, -0.8972205519676208, -0.482324481010437, -0.3662067651748657, -0.09979670494794846, 0.026829374954104424, -0.48573169112205505, -0.1927076280117035, 0.70941162109375, 0.461149126291275, -0.2678678333759308, -0.3038537800312042, -0.10543560236692429, -0.7080674171447754, -0.627541184425354, 0.37509700655937195, 0.37978023290634155, -0.716278076171875, -0.34868133068084717, -0.6031362414360046, 0.6594556570053101, 0.9280169606208801, -0.2523888945579529, 0.4113636910915375, -0.37652063369750977, -0.2656717300415039, -0.9248599410057068, -0.3219430148601532, -0.21413610875606537, -0.5574296116828918, -0.8379629254341125, -0.6496787667274475, 0.15075527131557465, -0.6965050101280212, -0.0645659789443016, -0.038543567061424255, -1.001994013786316, 0.31796783208847046, 2.132301092147827, 0.20511344075202942, 0.11160437017679214, -0.6622031927108765, -0.6921368837356567, -0.14909382164478302, 0.3925551474094391, 0.12776894867420197, 1.3837661743164062, 6.75356388092041, -0.061546675860881805, 0.45177823305130005, 0.15404227375984192, 0.04477355629205704, -0.018602237105369568, 0.3211851119995117, 0.1445665955543518, 0.03144848719239235, 0.029821891337633133, 0.19412612915039062, 0.05307101458311081, 0.015139075927436352, 0.7757203578948975, 0.046138614416122437, 0.5038188099861145, 0.1279185563325882, 0.02579323574900627, -0.00164197594858706, 0.0749516412615776, 0.01635991781949997, -0.04831502214074135, -0.01682158187031746, 0.025044739246368408, -0.40273651480674744, 0.518546998500824, 0.6061699986457825, -0.396585077047348, 0.6445379853248596, -0.2446405440568924, 0.09247056394815445, -0.4523290991783142, 0.054374635219573975, 0.12729661166667938, -0.5428794622421265, 2.2385809421539307, 0.0, -0.38999998569488525, 0.47999998927116394, -0.6623125672340393, 0.30807608366012573, -0.5883525013923645, 0.3468034863471985, 0.013428273610770702, 0.008074813522398472, 0.15550996363162994, -0.9877100586891174, 0.05066573619842529, -0.44607293605804443, 0.46950608491897583, 0.08587881177663803, -0.3826103210449219, 0.8906325101852417, -0.23023450374603271, 0.44168025255203247, 0.024929674342274666, 0.06951714307069778, 4.9163641929626465, 2.4127230644226074, 3.270521402359009, 0.06068876013159752, -0.4276449978351593, 0.5140308737754822, -0.009314920753240585, 0.024963051080703735, 0.9770081043243408, -0.21153052151203156, 0.3730281889438629, -0.16848985850811005, 0.10117986798286438, 7.501646041870117, 3.2196714878082275, 2.3792240619659424, 0.06614904850721359, -0.3963773548603058, 0.5301678776741028, 0.007981701754033566, 0.24091169238090515, 0.9672467112541199, -0.07957039773464203, 0.1625118851661682, -0.08806558698415756, 0.16095995903015137, 1.9748709201812744, -0.007052674889564514, 0.3077448904514313, 0.09363949298858643, -0.40006986260414124, 0.5222751498222351, -0.25470829010009766, 0.3866994380950928, 0.8618258833885193, -0.2069859504699707, -0.0036351140588521957, 0.5246219635009766, 0.3162292540073395, -9.961482048034668, -2.5691123008728027, -2.801884412765503, -0.05248614028096199, -0.37981662154197693, 0.49519529938697815, -0.46975889801979065, -0.5692844390869141, 0.6708994507789612, 0.07166341692209244, 0.20355764031410217, -0.09507832676172256, -0.28099894523620605, 1.029731273651123, -6.403127193450928, 0.8467922806739807, -0.3637746572494507, -1.810019612312317, 1.9907640218734741, 0.017623260617256165, -0.004239468835294247, 0.005171632394194603, -0.03628344088792801, -0.6663494110107422, 2.37056565284729, 0.0214532483369112, 0.0019497460452839732, 0.005564751103520393, 0.46617749333381653, 0.16471394896507263, 1.721494197845459, 0.01760978437960148, 7.051776628941298e-05, -0.0057719117030501366, -0.04784494265913963, 0.9274983406066895, 2.8625388145446777, 0.039705708622932434, -0.0029732617549598217, -0.0032968618907034397, -0.7436854839324951, -0.22865262627601624, 0.026507772505283356, -0.005074294749647379, -0.004922616761177778, 0.007926483638584614, -1.0, 0.6001017689704895, -1.0, -1.0, -1.0, -1.0, 0.29342910647392273, -0.5978226065635681, 1.0, -0.5487697124481201, -0.3956214487552643, -1.0, -0.10539007186889648, 0.8556577563285828, 0.5648043155670166, -1.0, -1.0, -1.0, 1.0, 1.0]
