1
[0.0, 0.0, 0.0, 0.0, 0.0, 0.0, 0.0, 0.0, 0.0, 0.0, 0.0, 0.0, 0.0, 0.0, 0.0, 0.0, 0.0, 0.0, 0.0, 0.0, 0.0, 0.0, 0.0, 0.0, 0.0, 0.0, 0.0, 0.0, 0.0, 0.0, 0.0, 0.0, 0.0, 0.0, 0.0, 0.0, 0.0, 0.0, 0.0, 0.0, 0.0, 0.0, 0.0, 0.0, 0.0, 0.0, 0.0, 0.0, 0.0, 0.0, 0.0, 0.0, 0.0, 0.0, 0.0, 0.0, 0.0, 0.0, 0.0, 0.0, 0.0, 0.0, 0.0, 0.0, 0.0, 0.0, 0.0, 0.0, 0.0, 0.0, 0.0, 0.0, 0.0, 0.0, 0.0, 0.0, 0.0, 0.0, 0.0, 0.0, 0.0, 0.0, 0.0, 0.0, 0.0, 0.0, 0.0, 0.0, 0.0, 0.0, 0.0, 0.0, 0.0, 0.0, 0.0, 0.0, 0.0, 0.0, 0.0, 0.0, 0.0, 0.0, 0.0, 0.0, 0.0, 0.0, 0.0, 0.0, 0.0, 0.0, 0.0, 0.0, 0.0, 0.0, 0.0, 0.0, 0.0, 0.0, 0.0, 0.0, 0.0, 0.0, 0.0, 0.0, 0.0, 0.0, 0.0, 0.0, 0.0, 0.0, 0.0, 0.0, 0.0, 0.0, 0.0, 0.0, 0.0, 0.0, 0.0, 0.0, 0.0, 0.0, 0.0, 0.0, 0.0, 0.0, 0.0, 0.0, 0.0, 0.0, 0.0, 0.0, 0.0, 0.0, 0.0, 0.0, 0.0, 0.0, 0.0, 0.0, 0.0, 0.0, 0.0, 0.0, 0.0, 0.0, 0.0, 0.0, 0.0, 0.0, 0.0, 0.0, 0.0, 0.0, 0.0, 0.0, 0.0, 0.0, 0.0, 0.0, 0.0, 0.0, 0.0, 0.0, 0.0, 0.0, 0.0, 0.0, 0.0, 0.0, 0.0, 0.0, 0.0, 0.0, 0.0, 0.0, 0.0, 0.0, 0.0, 0.0, 0.0, 0.0, 0.0, 0.0, 0.0, 0.0, 0.0, 0.0, 0.0, 0.0, 0.0]
[0.45081767439842224, 0.12648436427116394, -0.2189207226037979, -0.6253407001495361, -0.9411668181419373, -0.8899668455123901, -0.02771773934364319, -0.5305150151252747, -0.7582852244377136, -0.8925329446792603, -0.19893933832645416, -0.5673882961273193, -0.7659307718276978, -0.7882365584373474, -0.977760910987854, 0.016727300360798836, -0.8488832712173462, -0.563277542591095, -0.6942703723907471, 0.009820989333093166, -0.5940386056900024, 0.2076604664325714, -0.05274482071399689, 0.6738185882568359, 0.15137061476707458, -0.7952814698219299, -0.44969162344932556, 2.0880632400512695, -0.0910729393362999, -0.02736971713602543, 0.5024675726890564, 1.886881709098816, 0.12188152223825455, 0.00015797615924384445, -0.20511837303638458, 1.3313521146774292, -0.2989700734615326, -0.06863252073526382, -0.007784709334373474, 0.10046712309122086, 1.651857614517212, 1.8947887420654297, 0.4145229756832123, 1.6620639562606812, 1.5587486028671265, 0.10518649965524673, -0.7937363982200623, 0.43302813172340393, 3.685060501098633, -7.903738975524902, 0.004017338156700134, 0.04050179570913315, 0.05079421401023865, 0.02539270557463169, 0.25519177317619324, -0.0784459039568901, 0.009066399186849594, 0.010583949275314808, 0.07702849060297012, -0.1710643172264099, -0.05192112922668457, -0.015093520283699036, -0.7076303958892822, 0.16759872436523438, -0.0655059814453125, 0.17065584659576416, 0.09772995114326477, 0.197959765791893, 0.23725031316280365, 0.16221225261688232, -0.11563898622989655, -0.03392402455210686, -0.006480418145656586, -0.4008125960826874, 0.5287764668464661, 0.21198004484176636, 0.5952814817428589, -0.7300222516059875, 0.2603300213813782, -0.07270623743534088, 0.08430776000022888, -0.03978343307971954, -0.22189758718013763, 1.531604290008545, -0.527387261390686, 0.0, -0.38999998569488525, 0.47999998927116394, -0.6623125672340393, 0.30807608366012573, -0.5883525013923645, 0.3468034863471985, 0.37126821279525757, -0.4819776713848114, -0.5595768094062805, 0.5627887845039368, -0.02148790843784809, -0.45280373096466064, 0.5066406726837158, 0.029243942350149155, -0.5527626872062683, 0.8315528035163879, -0.04602313041687012, -0.0006892979145050049, 0.18460272252559662, 0.13133016228675842, -5.819552898406982, -0.9192531704902649, 1.4821324348449707, -0.0039401575922966, -0.45320239663124084, 0.514685869216919, 0.009634042158722878, -0.46042194962501526, 0.8874471187591553, -0.01887577772140503, -0.3652035892009735, 0.20033231377601624, 0.046954356133937836, -6.059173583984375, -0.3496076464653015, -3.274099588394165, 0.02177201583981514, -0.4490535855293274, 0.5128107070922852, 0.021517161279916763, -0.43900007009506226, 0.8970357179641724, -0.046289972960948944, -0.0927979126572609, 0.05283842235803604, -0.2258121818304062, -0.8193886280059814, -0.3635479211807251, 0.26369261741638184, 0.0396663174033165, -0.44422078132629395, 0.5025690197944641, 0.002599786501377821, -0.4319888949394226, 0.9017733335494995, -0.013550041243433952, -0.20795433223247528, 0.25332510471343994, 0.35180866718292236, -15.796979904174805, -0.44947484135627747, -1.4038136005401611, -0.07721757888793945, -0.37085461616516113, 0.5152169466018677, -0.10432294756174088, -0.6043325066566467, 0.7592884302139282, 0.21766933798789978, 0.2590610682964325, -0.14385248720645905, 0.27011778950691223, 3.8398022651672363, 12.237662315368652, 1.0264859199523926, 0.06953518092632294, -0.3605960011482239, -0.4913501739501953, 0.019983764737844467, -0.00400232058018446, 0.0025246646255254745, 1.3750426769256592, 0.20206350088119507, -0.7185956835746765, 0.013614901341497898, 0.010140174068510532, -0.005834829993546009, 0.46809688210487366, 0.9450732469558716, -0.8282339572906494, -0.0009174218866974115, 0.0005784793756902218, 0.0008338922052644193, 0.8913713693618774, -1.7177038192749023, -0.05846176669001579, 0.07196440547704697, 0.004861257970333099, -0.003116144333034754, -1.2992403507232666, -1.463442325592041, 0.41536080837249756, 0.00794972199946642, -0.013136184774339199, -0.04525500535964966, 1.0, -0.8042352795600891, -1.0, 1.0, -1.0, 1.0, 1.0, -0.6114445328712463, -0.5308811664581299, 0.42786961793899536, -1.0, -1.0, 0.2452772557735443, 0.4588190019130707, 1.0, 1.0, 1.0, 0.6010756492614746, -1.0, 1.0]
[0.5016353130340576, -0.0016138446517288685, -0.1357494443655014, -0.4098590314388275, -0.8336319923400879, -0.8747547268867493, 0.07555226236581802, -0.37195494771003723, -0.7707032561302185, -0.8932548761367798, -0.28847062587738037, -0.38685745000839233, -0.8011224269866943, -0.798481285572052, -0.9825717806816101, -0.053237877786159515, -0.6148676872253418, -0.365395724773407, -0.5777636766433716, 0.15369634330272675, -0.4559105634689331, 0.3105624318122864, -0.05904005095362663, 0.7220537066459656, 0.21855118870735168, -0.9660850763320923, 0.6416066288948059, 2.096109628677368, 1.5594233274459839, 0.34644511342048645, 0.4954771101474762, 1.108934760093689, -0.2348848581314087, -0.034776102751493454, -0.4547090530395508, 1.846146821975708, -0.33395248651504517, -0.10921555757522583, -0.023118898272514343, -0.5006628632545471, 2.4362356662750244, 1.8018896579742432, 1.732309341430664, 1.833107829093933, 0.6638285517692566, 0.31235650181770325, 0.348445326089859, 0.45077386498451233, 1.8848164081573486, -1.1775346994400024, 0.20526474714279175, 0.049553282558918, 0.1350380778312683, 0.0742424800992012, 0.18630212545394897, -0.5057687163352966, -0.23259398341178894, -0.08811108767986298, -0.01328442245721817, 0.008734799921512604, 0.012171909213066101, 0.00519409729167819, -0.06496597081422806, -0.108737051486969, 0.10494473576545715, 0.02238527312874794, 0.05713597685098648, -0.04002083092927933, -0.45004165172576904, -0.23545680940151215, 0.13773031532764435, 0.047324057668447495, -0.00784357637166977, -0.400423139333725, 0.5275372862815857, 0.1726088523864746, 0.6097345948219299, -0.7487649321556091, 0.19437290728092194, -0.07839664816856384, 0.001793103525415063, -0.11794615536928177, 0.1504286378622055, 1.7744213342666626, -0.6129876971244812, 0.0, -0.38999998569488525, 0.47999998927116394, -0.6623125672340393, 0.30807608366012573, -0.5883525013923645, 0.3468034863471985, 0.31665927171707153, -0.44589483737945557, -0.6023260354995728, 0.5814705491065979, -0.026884987950325012, -0.4490993320941925, 0.507516622543335, 0.01287651713937521, -0.4720075726509094, 0.8810129165649414, -0.029312584549188614, -0.5080499649047852, 0.4072954058647156, 0.2795935869216919, -15.134722709655762, -1.111458659172058, -4.4046173095703125, -0.00929235015064478, -0.45134437084198, 0.5100476741790771, -0.0008583817398175597, -0.44346997141838074, 0.896275520324707, 0.0048667062073946, -0.39428427815437317, 0.06398366391658783, -0.466103732585907, 0.6263536810874939, 0.4018641710281372, -3.549203634262085, 0.020230351015925407, -0.44725215435028076, 0.5092511177062988, 0.02008426934480667, -0.42530250549316406, 0.9031500220298767, -0.05508504435420036, -0.1005794107913971, 0.16632311046123505, -0.1849553883075714, -2.1338372230529785, -0.9431482553482056, 1.1055032014846802, 0.03803076222538948, -0.44014260172843933, 0.5060856938362122, 0.0010185071732848883, -0.26654160022735596, 0.963660478591919, -0.017687318846583366, -0.06027168780565262, 0.6457599401473999, 0.4209202527999878, -24.954195022583008, -0.9214709997177124, 1.2244287729263306, -0.07478613406419754, -0.3731042146682739, 0.5148220658302307, -0.034385740756988525, -0.6156131029129028, 0.7336588501930237, 0.2856270372867584, 0.10551437735557556, -0.15366865694522858, -0.21887004375457764, 6.3583903312683105, 9.488468170166016, -2.867295026779175, 1.0549200773239136, -1.6892962455749512, -0.07662734389305115, 0.04890303686261177, 0.009767156094312668, -0.005480712279677391, 0.9854307770729065, 3.166412830352783, -0.6759791970252991, -0.04061489552259445, 0.00834666658192873, -0.007111398037523031, 0.007094160653650761, -0.10924433171749115, -0.11974354088306427, 0.0035554321948438883, -0.001693214406259358, 0.0020101373083889484, -0.5434839129447937, -0.8435248732566833, 0.08805516362190247, 0.04448310285806656, -0.0060147931799292564, 0.007768335752189159, 1.6858018636703491, 3.1511473655700684, -0.3421064019203186, -0.0205510463565588, 0.020351240411400795, 0.002956259995698929, 1.0, -0.8817327618598938, 1.0, 1.0, 0.38701924681663513, 1.0, -0.012042216956615448, -1.0, -1.0, 0.8141947388648987, -1.0, -1.0, -1.0, 1.0, 0.6779694557189941, 1.0, -0.2404354065656662, 1.0, 0.562150239944458, 1.0]
[0.5666264891624451, -0.07860446721315384, -0.0266452394425869, -0.21835841238498688, -0.6592118144035339, -0.8241709470748901, 0.20629000663757324, -0.28487303853034973, -0.8032392859458923, -0.9015464186668396, -0.39955976605415344, -0.18983058631420135, -0.8370287418365479, -0.8111531138420105, -0.9999640583992004, -0.1763569414615631, -0.36420461535453796, -0.2070131152868271, -0.3704771399497986, 0.2933821380138397, -0.3068735897541046, 0.3591592609882355, 0.0036463483702391386, 0.7672510147094727, 0.2563214898109436, -0.2494794875383377, 0.3400818705558777, 1.6098397970199585, 1.6411752700805664, 0.6021909117698669, 0.5611799359321594, 0.6513041257858276, -0.3330630958080292, -0.1035701185464859, -0.45280781388282776, 1.8230085372924805, -0.3226167559623718, -0.12006077915430069, -2.6762486413645092e-06, -0.5070047378540039, 2.2492425441741943, 1.2840608358383179, 1.9073209762573242, 1.6584444046020508, 1.3034507036209106, 0.03183145448565483, 0.4011060297489166, 0.3981332778930664, 0.8253681659698486, 10.322906494140625, -0.03162119910120964, 0.4143640398979187, 0.11868299543857574, 0.04466565325856209, 0.033250559121370316, 0.44773444533348083, 0.13898321986198425, 0.04057258740067482, -0.001998063875362277, 0.5329310297966003, 0.18584999442100525, 0.05910449102520943, 1.0990335941314697, 0.018166039139032364, 0.5516833662986755, 0.09535917639732361, 0.007356257177889347, -0.2718872129917145, 0.6383007764816284, 0.28238627314567566, 0.1499374508857727, 0.04181536287069321, -0.009245685301721096, -0.40129929780960083, 0.5244022011756897, 0.12882447242736816, 0.6309014558792114, -0.7553126215934753, 0.12194433808326721, -0.08526292443275452, -0.05389492213726044, -0.2150483876466751, 0.46469226479530334, 2.022714376449585, -0.5994238257408142, 0.0, -0.38999998569488525, 0.47999998927116394, -0.6623125672340393, 0.30807608366012573, -0.5883525013923645, 0.3468034863471985, 0.2639407217502594, -0.3948165476322174, -0.6477404832839966, 0.5957242846488953, -0.03320179134607315, -0.4426794946193695, 0.512467086315155, 0.00028769264463335276, -0.34391412138938904, 0.9389967918395996, -0.0028175050392746925, -0.3575153946876526, 0.65627521276474, 0.6215105652809143, -18.025789260864258, 0.21762344241142273, -2.987050771713257, -0.015814755111932755, -0.45004114508628845, 0.5064631104469299, -0.011909447610378265, -0.4473644196987152, 0.8935516476631165, 0.035896506160497665, -0.4429793357849121, 0.09708788990974426, -0.030737651512026787, 0.17891791462898254, 0.5408888459205627, -4.03617000579834, 0.017843373119831085, -0.4437137842178345, 0.5111498832702637, 0.01674245484173298, -0.3927316963672638, 0.9171474575996399, -0.06574191898107529, -0.1756538599729538, 0.3184202015399933, 0.39521968364715576, -5.590733051300049, -1.3135753870010376, 0.8028981685638428, 0.036439165472984314, -0.43344560265541077, 0.5127584338188171, -0.0031298124231398106, -0.052517738193273544, 0.9982004761695862, -0.02877081371843815, -0.16525839269161224, 0.8652791380882263, 0.5961341857910156, -25.905691146850586, -2.0272088050842285, 0.9849504828453064, -0.07221948355436325, -0.3745705783367157, 0.5160096287727356, 0.022166606038808823, -0.6062109470367432, 0.7140864729881287, 0.3494243621826172, 0.23173557221889496, -0.06453298777341843, 0.27101612091064453, 0.5066070556640625, 9.882881164550781, -1.0503921508789062, -0.40486931800842285, -2.020869731903076, 1.5946896076202393, 0.014352603815495968, -0.004622091073542833, 0.004644243512302637, 0.16820868849754333, -2.2149658203125, 1.556455135345459, 0.007348102983087301, 0.0013488102704286575, 0.00014518486568704247, 0.04236328601837158, -2.730746269226074, 1.757863163948059, 0.0181433018296957, -0.0007319311262108386, -0.0028088781982660294, 0.3004967272281647, -0.7450786828994751, 2.553250789642334, -0.003819921985268593, 0.003432558849453926, -0.0007690123748034239, 2.0104446411132812, -3.9610838890075684, -0.06531232595443726, 0.022864535450935364, 0.00964824203401804, 0.0123266177251935, 1.0, 0.29686862230300903, 0.2872451841831207, 0.7180364727973938, 0.3381822407245636, 1.0, 0.08275742083787918, -1.0, -1.0, 0.97361820936203, -1.0, -1.0, -0.8463078141212463, 1.0, 0.4590637981891632, 1.0, 0.9449909925460815, 0.4054504930973053, 0.3927760720252991, 1.0]
[0.6127815842628479, -0.12117282301187515, -0.013971525244414806, -0.07916346937417984, -0.5238456726074219, -0.7146630883216858, 0.3394092619419098, -0.24824708700180054, -0.7516476511955261, -0.9022139310836792, -0.49761608242988586, -0.052098557353019714, -0.7967912554740906, -0.8109737038612366, -0.989689826965332, -0.29962676763534546, -0.1357620805501938, -0.12272327393293381, -0.21151985228061676, 0.41255855560302734, -0.16444101929664612, 0.3908289670944214, 0.07367421686649323, 0.8067262768745422, 0.10984858125448227, -0.335636705160141, -0.10969986021518707, 1.1038278341293335, 1.0406608581542969, 1.2970168590545654, 0.5442819595336914, 0.22301740944385529, 0.9271918535232544, 0.1501949280500412, -0.37591877579689026, 0.9795934557914734, 0.7329404354095459, 0.13654769957065582, 0.06069353222846985, -0.5043882727622986, 2.0271129608154297, 0.5098769664764404, 1.053105354309082, 1.3728402853012085, 0.8667502403259277, 0.09722211956977844, 0.43750402331352234, 0.3439613878726959, -3.815675973892212, -0.51805579662323, -0.18593786656856537, -0.2267071008682251, -0.14690516889095306, -0.03826447203755379, -0.13884298503398895, -0.14195865392684937, 0.036471784114837646, 0.03319864347577095, -0.10332151502370834, -0.32364845275878906, -0.06263183057308197, -0.006791766732931137, -0.07876362651586533, -0.11105267703533173, -0.09986186027526855, -0.10335396975278854, -0.07761245965957642, -0.04213340952992439, -0.17628303170204163, -0.10311190783977509, -0.035470131784677505, -0.014515167102217674, -0.010311360470950603, -0.4012967348098755, 0.52268385887146, 0.033578529953956604, 0.6484429240226746, -0.7604056000709534, -0.013318867422640324, -0.028592253103852272, 0.03751825913786888, -0.047373343259096146, 0.29217368364334106, 3.7898576259613037, -0.879952073097229, 0.0, -0.38999998569488525, 0.47999998927116394, -0.6623125672340393, 0.30807608366012573, -0.5883525013923645, 0.3468034863471985, 0.15007419884204865, -0.29439666867256165, -0.7113641500473022, 0.6202977895736694, -0.03607367351651192, -0.43646129965782166, 0.5166317224502563, -0.00183448800817132, -0.21126171946525574, 0.9774063229560852, 0.006468221545219421, -0.05959993973374367, 0.5426165461540222, 0.21488028764724731, -15.528005599975586, 0.21448874473571777, -0.010570168495178223, -0.02101549506187439, -0.44843268394470215, 0.5051017999649048, -0.01945103332400322, -0.42720991373062134, 0.9015796184539795, 0.06532696634531021, -0.2621859610080719, 0.15643316507339478, -0.0412401482462883, -4.763759136199951, 1.2589658498764038, -3.1079089641571045, 0.016044648364186287, -0.4397258460521698, 0.5142978429794312, 0.011656902730464935, -0.3391696810722351, 0.9375023245811462, -0.07692450284957886, -0.07285093516111374, 0.3125179409980774, 0.16862940788269043, -7.464808940887451, -1.756266474723816, 1.0259953737258911, 0.03491973504424095, -0.4257032573223114, 0.5197676420211792, -0.01569364406168461, 0.1209745854139328, 0.9917056560516357, -0.0404815636575222, -0.09933027625083923, 0.7076436281204224, 0.225686177611351, -16.398263931274414, -2.2595176696777344, 1.4910527467727661, -0.06839698553085327, -0.3761920928955078, 0.517675518989563, 0.07128765434026718, -0.5849835276603699, 0.7046103477478027, 0.3952675461769104, 0.2913895547389984, -0.13249975442886353, 0.036841876804828644, 1.0666629076004028, 7.374147415161133, -0.08303555846214294, -1.2791943550109863, 1.6634093523025513, -0.5434524416923523, -0.01331333164125681, -0.005699326749891043, 0.011912638321518898, -0.9379166960716248, -0.37071162462234497, -0.19586220383644104, 0.027637969702482224, -0.004291290882974863, 0.0033213759306818247, -0.6461267471313477, 0.9497882127761841, -0.40353935956954956, 0.00745505653321743, -0.0012648949632421136, 0.0012793687637895346, -0.6355334520339966, 1.4244494438171387, -0.964264988899231, -0.05624571815133095, 0.0004692931834142655, 0.002831550082191825, -0.6947808265686035, 1.1459935903549194, 0.0013410322135314345, -0.008207251317799091, -0.00339867128059268, 0.008220314048230648, 0.41975629329681396, -0.4726293087005615, -0.40288999676704407, 0.451208233833313, -0.043210648000240326, 1.0, -0.10409048944711685, 0.062257952988147736, -1.0, 0.3668980598449707, -0.19013959169387817, -1.0, -1.0, 1.0, 0.02279452234506607, 1.0, 0.3732328712940216, 0.5998455286026001, 0.45750850439071655, 1.0]
[0.6431034803390503, -0.169548898935318, -0.016087746247649193, 0.027408424764871597, -0.42546916007995605, -0.5801376700401306, 0.4581191837787628, -0.20872287452220917, -0.66779625415802, -0.8524881601333618, -0.5819639563560486, 0.051271528005599976, -0.7447768449783325, -0.7930078506469727, -0.980330765247345, -0.3973276615142822, 0.06055467575788498, -0.0626937672495842, -0.13561995327472687, 0.5121321082115173, -0.0729774460196495, 0.4641278386116028, 0.14069119095802307, 0.8398845195770264, 0.11669117212295532, -0.3460434377193451, 0.0461723618209362, 0.9189223647117615, 0.8367452621459961, 1.163463830947876, 0.4539485573768616, 0.4506750702857971, 0.7014942765235901, 0.7318351864814758, -0.3287207782268524, 0.9396533370018005, 0.3471437394618988, 0.15178905427455902, 0.029237965121865273, -0.3429281711578369, 1.6960185766220093, 0.5779785513877869, 0.5638560652732849, 1.1518919467926025, 0.5413859486579895, 0.22033238410949707, 0.3948027789592743, 0.28475049138069153, 0.15153461694717407, 0.2435465008020401, 0.02961646020412445, -0.06320281326770782, -0.05119388550519943, -0.030115768313407898, -0.01582544483244419, 0.055358387529850006, 0.004523709416389465, 0.020747492089867592, 0.00781737919896841, -0.03822867572307587, -0.047080107033252716, -0.021142590790987015, 0.002295339945703745, 0.010227947495877743, -0.11487751454114914, -0.04938732832670212, -0.026041552424430847, -0.09257824718952179, -0.15423616766929626, -0.07938994467258453, 0.026304420083761215, 0.004081746097654104, -0.010148652829229832, -0.4010315239429474, 0.521582305431366, -0.058768026530742645, 0.6502550840377808, -0.7456571459770203, -0.13307908177375793, 0.03953537717461586, 0.030129393562674522, -0.05570482835173607, 0.3757076859474182, 3.532750368118286, -0.684325635433197, 0.0, -0.38999998569488525, 0.47999998927116394, -0.6623125672340393, 0.30807608366012573, -0.5883525013923645, 0.3468034863471985, 0.044339120388031006, -0.19277261197566986, -0.7494609951972961, 0.6318077445030212, -0.03766682371497154, -0.4314917325973511, 0.5178527235984802, -0.0016114528989419341, -0.09374961256980896, 0.9955333471298218, 0.011026597581803799, -0.10549318045377731, 0.4759419560432434, 0.06272757798433304, -12.861954689025879, 0.3073453903198242, -0.8310122489929199, -0.024643095210194588, -0.44629383087158203, 0.5038398504257202, -0.019824383780360222, -0.3776116669178009, 0.9212378859519958, 0.09130749106407166, -0.2017020732164383, 0.22478871047496796, 0.019794022664427757, -7.519558429718018, 2.122391700744629, -2.507687568664551, 0.014769675210118294, -0.43625572323799133, 0.5152977108955383, 0.004957014694809914, -0.2879502773284912, 0.9536030292510986, -0.0877566933631897, -0.10437660664319992, 0.26613157987594604, 0.07452507317066193, -5.359344005584717, -1.6236191987991333, 0.7246817350387573, 0.0333280973136425, -0.4182429611682892, 0.5235393047332764, -0.02903427556157112, 0.2362043410539627, 0.9700877666473389, -0.04789760708808899, -0.15377044677734375, 0.6017594337463379, 0.05869504064321518, -12.475862503051758, -2.0607011318206787, 0.5788271427154541, -0.06481306254863739, -0.37810611724853516, 0.5168867707252502, 0.11333529651165009, -0.5691201090812683, 0.6943695545196533, 0.4255680739879608, 0.2297513782978058, -0.11769871413707733, -0.08278404176235199, 1.1884360313415527, 5.779509544372559, 0.3231950104236603, 0.1537759155035019, 0.7434917092323303, -0.25053131580352783, -0.018963392823934555, 0.00036975921830162406, -0.0031328119803220034, -0.15288716554641724, -0.3675290644168854, 0.04585475102066994, 0.01523455698043108, -0.0016135049518197775, 0.0021424994338303804, 0.11121369898319244, 0.5736314058303833, -0.09389711916446686, -0.012538121081888676, 0.000809106626547873, -0.0015877585392445326, 0.07888416945934296, 0.5450940728187561, -0.6688496470451355, -0.017865143716335297, -0.0027957395650446415, -0.0031619847286492586, 0.2689264416694641, 0.9543857574462891, -0.07181742787361145, -0.005630063358694315, -0.00022107339464128017, 0.0053132143802940845, 0.8313025236129761, -0.4631410241127014, 0.11568835377693176, 0.5280380845069885, 0.01750490814447403, 1.0, 0.14654085040092468, -0.2748461067676544, -1.0, 0.5954960584640503, -0.6127480864524841, -1.0, -0.7857609987258911, 1.0, 0.281221866607666, 1.0, 0.24541564285755157, 1.0, 0.48287177085876465, 1.0]
[0.6489448547363281, -0.2165943831205368, -0.010157553479075432, 0.10038469731807709, -0.36915186047554016, -0.4821885824203491, 0.5434343814849854, -0.15337227284908295, -0.5643441081047058, -0.753731369972229, -0.6508840322494507, 0.12917840480804443, -0.7343131303787231, -0.7830538749694824, -0.9744011163711548, -0.4357239007949829, 0.22384431958198547, -0.016457105055451393, -0.08003412932157516, 0.579677402973175, -0.024463267996907234, 0.5516047477722168, 0.20953398942947388, 0.8671640753746033, -0.042394548654556274, -0.3258904218673706, 0.05541573092341423, 0.5697568655014038, 0.34681305289268494, 0.667163074016571, 0.1366218477487564, 0.5220931768417358, 1.088828206062317, 1.1119354963302612, -0.26077258586883545, 0.5961557030677795, -0.03809521347284317, 0.03744117543101311, 0.02192777954041958, -0.06038486957550049, 1.406154990196228, 0.3473350703716278, 0.4774107038974762, 0.662223756313324, 0.24299462139606476, 0.20938344299793243, 0.438228040933609, 0.23453481495380402, -3.6574888229370117, 0.44425565004348755, -0.05624322220683098, -0.07906155288219452, -0.07511504739522934, -0.050766874104738235, -0.2761066257953644, 0.025922324508428574, 0.029905591160058975, 0.026384275406599045, -0.08237921446561813, -0.1155555248260498, -0.077938511967659, -0.034607578068971634, -0.03841383382678032, -0.031832724809646606, -0.07860467582941055, -0.05442468449473381, -0.024219568818807602, -0.07371482253074646, -0.024098623543977737, -0.03017118014395237, 0.023446248844265938, 0.0067872279323637486, -0.008269530721008778, -0.40064921975135803, 0.5204526782035828, -0.1538134664297104, 0.638708233833313, -0.7146472334861755, -0.24015073478221893, 0.2005920112133026, 0.06246316432952881, -0.03182697296142578, 0.4005323350429535, 3.425652265548706, -0.3292313516139984, 0.0, -0.38999998569488525, 0.47999998927116394, -0.6623125672340393, 0.30807608366012573, -0.5883525013923645, 0.3468034863471985, -0.05677802488207817, -0.08733237534761429, -0.7647737264633179, 0.6358226537704468, -0.03799692168831825, -0.4284476041793823, 0.5171942114830017, -0.0006511572864837945, -0.01860351301729679, 0.9997413158416748, 0.01306161005049944, 0.033663615584373474, 0.22309277951717377, -0.07720282673835754, -6.285295486450195, 0.22309091687202454, -0.0673021525144577, -0.025753522291779518, -0.44353407621383667, 0.503655195236206, -0.010857275687158108, -0.29557153582572937, 0.9490748643875122, 0.1085193008184433, 0.10398005694150925, 0.3057253658771515, 0.10616658627986908, -11.638681411743164, 3.1040501594543457, 0.1541592925786972, 0.014720069244503975, -0.43392688035964966, 0.5146574974060059, 0.0001558828807901591, -0.26397696137428284, 0.959426760673523, -0.09907722473144531, 0.05067937821149826, 0.12347827106714249, -0.07119039446115494, -1.2972266674041748, -0.9340670108795166, 1.316102147102356, 0.03218996897339821, -0.41150903701782227, 0.5252304673194885, -0.038830626755952835, 0.3232668936252594, 0.9442737698554993, -0.04834924638271332, -0.04851321503520012, 0.4941670894622803, -0.0379377081990242, -9.508835792541504, -1.5231519937515259, 0.0019388943910598755, -0.0619983971118927, -0.3797203004360199, 0.5151257514953613, 0.14008979499340057, -0.5566741824150085, 0.6879577040672302, 0.44407522678375244, 0.18214167654514313, -0.09472084045410156, -0.10519156605005264, 0.17338381707668304, 3.2009291648864746, 0.20625309646129608, -0.5859099626541138, 1.1751903295516968, -0.2642870843410492, -0.03313902020454407, -0.0007594216731376946, 0.0008641701424494386, -1.7992264032363892, -0.532044529914856, 0.07310597598552704, 0.018403608351945877, -0.010593907907605171, 0.018766794353723526, -0.6618262529373169, 1.0375500917434692, -0.12541325390338898, -0.01904432848095894, -0.0016127392882481217, 0.0016921691130846739, -0.5505760908126831, 0.5070810914039612, -0.5463690161705017, -0.01661335490643978, -0.0021719441283494234, -0.00032818428007885814, 0.2235865592956543, 0.2652028799057007, 0.029187016189098358, -0.004079240374267101, 0.003209844697266817, 0.009961837902665138, 0.20487117767333984, -0.4718811511993408, -0.12956926226615906, 0.3124999701976776, -0.26647326350212097, 1.0, 0.27467820048332214, 0.18115627765655518, -1.0, 0.40225788950920105, -0.8349066972732544, -1.0, -0.4154980480670929, 1.0, 0.1384771168231964, 0.8088482618331909, 0.08850796520709991, 1.0, 0.6171357035636902, 1.0]
[0.5871229767799377, -0.22962811589241028, -0.0051988400518894196, 0.13451224565505981, -0.2845125198364258, -0.4159665107727051, 0.560417890548706, -0.1201581060886383, -0.47496503591537476, -0.6318690776824951, -0.7035523056983948, 0.2051873356103897, -0.7019852995872498, -0.7772820591926575, -0.9772776961326599, -0.3907293975353241, 0.3562854528427124, 0.0325043760240078, -0.030715931206941605, 0.6391170024871826, -0.028851866722106934, 0.6247724890708923, 0.28419607877731323, 0.8898407220840454, -0.36999303102493286, 0.06089838966727257, -0.017727991566061974, 0.1993129700422287, 1.0110387802124023, 0.7728850841522217, 0.025801200419664383, 0.19986765086650848, 0.6952865123748779, 1.064208745956421, -0.19733509421348572, 0.7750829458236694, 0.4820116460323334, 0.10562574863433838, -0.02658345364034176, 0.3107858896255493, 1.1312350034713745, 0.5085836052894592, 0.4980820119380951, 0.7683495283126831, -0.1757662147283554, 0.16255556046962738, 0.46915945410728455, 0.19575472176074982, -7.9304704666137695, 4.285924911499023, -0.16580429673194885, 0.08186733722686768, 0.044800642877817154, 0.030163535848259926, -0.24050793051719666, 0.19506636261940002, 0.023778380826115608, -0.006269244011491537, -0.1869002729654312, 0.22386236488819122, 0.11551850289106369, 0.046520624309778214, 0.1718500405550003, -0.06514950841665268, 0.07956772297620773, 0.0058215949684381485, 0.0007793575059622526, 0.00896811205893755, 0.2154393494129181, 0.08334774523973465, -0.013892173767089844, -0.004170706495642662, -0.003843314480036497, -0.4000711739063263, 0.5190650820732117, -0.24787954986095428, 0.6151935458183289, -0.6733905673027039, -0.3265542984008789, 0.299661248922348, 0.02939371019601822, -0.09332230687141418, 0.4704776406288147, 3.139019727706909, -0.12717120349407196, 0.0, -0.38999998569488525, 0.47999998927116394, -0.6623125672340393, 0.30807608366012573, -0.5883525013923645, 0.3468034863471985, -0.14775139093399048, 0.013800384476780891, -0.7567479014396667, 0.6366410255432129, -0.03467565402388573, -0.4264993667602539, 0.5180027484893799, -4.389496098156087e-06, 0.0501539371907711, 0.9987326264381409, 0.004199604503810406, 0.3215307593345642, 0.2632957100868225, 0.12101313471794128, -10.220515251159668, 0.12519539892673492, 1.9325151443481445, -0.021814608946442604, -0.4418541193008423, 0.5051769614219666, 0.0020109363831579685, -0.20693497359752655, 0.97296541929245, 0.102528415620327, 0.40780049562454224, 0.20030654966831207, 0.21879014372825623, -9.889082908630371, 2.0187368392944336, 2.1903882026672363, 0.01793375052511692, -0.43039920926094055, 0.5169810652732849, -0.002710509579628706, -0.22425717115402222, 0.967411458492279, -0.11754298210144043, 0.28656885027885437, 0.3710295855998993, 0.3211039900779724, -6.943552017211914, -1.72392737865448, 2.409381628036499, 0.03397056460380554, -0.4044044315814972, 0.5275311470031738, -0.04215451702475548, 0.40327972173690796, 0.912879228591919, -0.04732789844274521, 0.20056532323360443, 0.5664966106414795, 0.06438212096691132, -10.812692642211914, -0.7956188321113586, -0.0626014992594719, -0.058417290449142456, -0.38166719675064087, 0.5137355923652649, 0.15763938426971436, -0.5459898114204407, 0.6848666071891785, 0.45607295632362366, 0.28659749031066895, -0.1353020966053009, -0.038315147161483765, -0.16370287537574768, 2.6098551750183105, 0.4742213487625122, -1.5122908353805542, -0.2710114121437073, 1.077872633934021, 0.02609836310148239, 0.0006887736963108182, 0.010350705124437809, -1.6789008378982544, -0.2702474296092987, 0.9490335583686829, -0.010322955437004566, -0.0031292415224015713, 0.010628540068864822, -1.646707534790039, -1.4427989721298218, 1.1466147899627686, 0.024878641590476036, -0.005770411342382431, 0.005508806090801954, -1.3265268802642822, 0.35636359453201294, 0.5999446511268616, 0.00612481078132987, -0.0006228309357538819, 0.004148863255977631, -0.25854140520095825, -1.286606788635254, 0.3287982940673828, 0.001932972576469183, -3.4048964153043926e-05, 0.004631160758435726, -0.6547945737838745, 0.057385317981243134, -0.18854716420173645, 0.08597782999277115, 0.42879578471183777, 1.0, 0.08452921360731125, -0.12686645984649658, -1.0, 0.747708261013031, -0.30934998393058777, -1.0, 0.15112528204917908, 1.0, 0.35888901352882385, 1.0, -0.22276248037815094, 1.0, 0.7097678780555725, 1.0]
[0.4499957263469696, -0.22551007568836212, -0.02791200950741768, 0.1463998556137085, -0.12994533777236938, -0.2911745011806488, 0.5518527626991272, -0.10297216475009918, -0.3573745787143707, -0.5205764770507812, -0.7469249367713928, 0.2768864631652832, -0.6050874590873718, -0.7543532252311707, -0.9761218428611755, -0.2871128022670746, 0.46639537811279297, 0.0803343877196312, 0.025565573945641518, 0.6962655186653137, -0.11572783440351486, 0.6928304433822632, 0.35364750027656555, 0.8560612201690674, -0.6179820895195007, 0.005898843985050917, -0.04413941130042076, 0.09515147656202316, 1.646500587463379, 1.5719457864761353, -0.08722782880067825, 0.14708559215068817, 1.3030028343200684, 1.1834076642990112, -0.17098073661327362, 0.6074371933937073, 1.1129182577133179, 0.36395785212516785, 0.016759593039751053, 0.4831713140010834, 0.9564340710639954, 0.40686559677124023, 0.5289501547813416, 0.6741535663604736, -0.8731434941291809, 0.15989869832992554, 0.4004981219768524, -0.5764175653457642, -5.75127649307251, -0.48561668395996094, -0.07676733285188675, -0.034099187701940536, 0.021001562476158142, 0.04209298640489578, -0.18764790892601013, -0.024743005633354187, 0.02937605232000351, 0.026481395587325096, -0.11899165064096451, -0.11563242971897125, -0.005825886037200689, 0.013104381039738655, -0.12733706831932068, -0.03759818524122238, -0.052116382867097855, -0.028812453150749207, -0.01122504286468029, 0.08536957949399948, -0.10571178048849106, -0.07663152366876602, -0.07752924412488937, -0.04266815260052681, 0.0033544732723385096, -0.39923208951950073, 0.5167396068572998, -0.3688927888870239, 0.5635198950767517, -0.6051165461540222, -0.4244964122772217, 0.5186055898666382, 0.07850582897663116, -0.1397112011909485, 0.5900987386703491, 4.939838886260986, 0.05552206188440323, 0.0, -0.38999998569488525, 0.47999998927116394, -0.6623125672340393, 0.30807608366012573, -0.5883525013923645, 0.3468034863471985, -0.263956218957901, 0.1424705684185028, -0.7191893458366394, 0.6267343759536743, -0.027194326743483543, -0.4243742823600769, 0.5196058750152588, -0.004634485114365816, 0.16496919095516205, 0.9860696792602539, -0.020738767459988594, 0.49230220913887024, 0.37799856066703796, -0.0018855296075344086, -16.586139678955078, -0.6735475063323975, 3.261004686355591, -0.01318596862256527, -0.4402683675289154, 0.507681131362915, 0.013982685282826424, -0.11061509698629379, 0.9906153678894043, 0.07905635237693787, 0.6662566661834717, 0.3043716251850128, 0.18290165066719055, -13.012962341308594, 2.009093761444092, 4.113650798797607, 0.024462854489684105, -0.42496567964553833, 0.5209546685218811, -0.008803932927548885, -0.14980019629001617, 0.9778939485549927, -0.14562223851680756, 0.428435355424881, 0.49708613753318787, 0.2525761127471924, -10.021773338317871, -3.086430549621582, 3.2891690731048584, 0.03895910456776619, -0.3967698812484741, 0.5298810005187988, -0.04430309310555458, 0.47930967807769775, 0.8751543164253235, -0.04903468117117882, 0.35634464025497437, 0.5296419858932495, -0.020352134481072426, -9.454497337341309, -0.7162344455718994, 0.4374614357948303, -0.05457363650202751, -0.38421690464019775, 0.5111435651779175, 0.18390779197216034, -0.556054949760437, 0.6721096038818359, 0.45304447412490845, 0.2529812753200531, -0.19735117256641388, -0.27704957127571106, 4.911422252655029, 1.1382983922958374, 1.4429237842559814, -0.8861045837402344, -0.5327867865562439, -0.11757700890302658, 0.03410118818283081, -0.0008500962285324931, 0.0015083679463714361, -1.3169384002685547, -0.4899492561817169, -0.1425749808549881, 0.019132157787680626, -0.0024988148361444473, 0.00901073683053255, -1.0110821723937988, 0.06483747065067291, -0.23151221871376038, 0.014076941646635532, -0.0017453243490308523, 0.0049629490822553635, -0.7879504561424255, 0.09817663580179214, -0.42282599210739136, -0.009752392768859863, 0.002855271566659212, 0.0022168951109051704, -1.475632905960083, 0.8686413764953613, 0.034790415316820145, -0.010145400650799274, -0.019058026373386383, 0.0027819103561341763, -1.0, -0.2622665762901306, -0.8397433757781982, 0.10663316398859024, 0.9436479806900024, 0.9409385323524475, 0.042858220636844635, 0.5395662784576416, -1.0, 0.6115675568580627, 0.1609124094247818, -1.0, 0.4188067317008972, 1.0, 0.2958841025829315, 1.0, -0.9715940356254578, 1.0, 0.6725320219993591, 0.37327149510383606]
[0.2717636823654175, -0.23911629617214203, -0.10512930899858475, 0.1486092209815979, 0.04847599193453789, -0.09434060752391815, 0.4178357720375061, -0.0829300582408905, -0.201035276055336, -0.36733144521713257, -0.7441253662109375, 0.3371717631816864, -0.45285770297050476, -0.657585620880127, -0.9700586795806885, -0.1297733187675476, 0.5596486330032349, 0.10220667719841003, 0.0705287978053093, 0.7460135817527771, -0.2384948581457138, 0.7484374046325684, 0.42874637246131897, 0.7837305068969727, -0.7070053815841675, -0.1629887968301773, -0.5175527334213257, -0.029865998774766922, 1.646275520324707, 1.9929007291793823, -0.7905815243721008, 0.22407594323158264, 1.5299267768859863, 1.660717248916626, 0.10836949199438095, 0.5340384840965271, 1.5627342462539673, 1.4330819845199585, 0.026278162375092506, 0.7302924394607544, 0.8081440329551697, 0.09326358884572983, 0.28544411063194275, 0.5807191729545593, -0.8891651034355164, 0.12231606245040894, 0.49378594756126404, -0.7144935727119446, -2.0756189823150635, -1.5589215755462646, -0.07780495285987854, -0.08490841090679169, -0.034768473356962204, -0.003684290684759617, -0.17407193779945374, -0.05124751478433609, -0.0014820639044046402, 0.01800367794930935, -0.006737423129379749, -0.1106819361448288, -0.01738213188946247, 0.03746896982192993, -0.15843988955020905, 0.004593455698341131, -0.09515567123889923, -0.04686471447348595, -0.027438372373580933, 0.05753964185714722, 0.02717277966439724, 0.0036215120926499367, -0.0403163880109787, -0.012953108176589012, 0.013661731034517288, -0.39748361706733704, 0.5131263136863708, -0.5081563591957092, 0.4644269645214081, -0.5017374753952026, -0.5237787961959839, 0.6536433100700378, 0.09751910716295242, -0.23298020660877228, 0.5276777148246765, 5.264785289764404, 0.35590511560440063, 0.0, -0.38999998569488525, 0.47999998927116394, -0.6623125672340393, 0.30807608366012573, -0.5883525013923645, 0.3468034863471985, -0.40446221828460693, 0.2890966236591339, -0.6332159042358398, 0.5931873321533203, -0.017404068261384964, -0.4222673177719116, 0.5191661715507507, -0.0232502743601799, 0.30426904559135437, 0.9505383968353271, -0.05793377012014389, 0.5432173013687134, 0.3207504451274872, -0.2464098334312439, -17.070301055908203, -2.7204301357269287, 5.902977466583252, -0.0005623376346193254, -0.43772003054618835, 0.508786678314209, 0.01811440847814083, 0.014628412202000618, 0.9993920922279358, 0.025946756824851036, 0.8241653442382812, 0.4364141523838043, 0.014652996324002743, -16.157136917114258, 0.19901570677757263, 8.006034851074219, 0.0319136381149292, -0.41862866282463074, 0.5230238437652588, -0.025760367512702942, -0.03494826331734657, 0.9843918085098267, -0.17055122554302216, 0.3585801124572754, 0.6296864151954651, 0.08309662342071533, -15.8189115524292, -5.647274494171143, 1.9032648801803589, 0.045591261237859726, -0.3898715376853943, 0.530508279800415, -0.04323539137840271, 0.5302806496620178, 0.8452436923980713, -0.04996161535382271, 0.42552122473716736, 0.4181149899959564, -0.08265570551156998, -5.173009395599365, 0.03434934839606285, -0.15287572145462036, -0.050533074885606766, -0.38687631487846375, 0.5071375966072083, 0.21734991669654846, -0.5794673562049866, 0.650029718875885, 0.44095098972320557, 0.2885008454322815, -0.18007813394069672, -0.3336935341358185, 5.614686012268066, 1.1313713788986206, 1.5653870105743408, -0.4196337163448334, 0.08906320482492447, -0.7425855398178101, -0.00234834267757833, 0.0061106812208890915, 0.007607198320329189, -0.9215306043624878, -0.25793561339378357, -0.4470013976097107, 0.014134643599390984, 0.0009385694866068661, 0.01522301696240902, -0.0936703309416771, -0.25002068281173706, -0.5405341982841492, 0.03371865674853325, 0.0004656942910514772, -0.0035053433384746313, -0.2686521112918854, 0.19451236724853516, -0.7221246957778931, -0.024520689621567726, -0.0016681925626471639, -4.301127773942426e-05, -0.6253112554550171, -0.05250051990151405, 0.0002855772618204355, -0.0004481871728785336, -0.002948127454146743, 0.0016260214615613222, -1.0, -0.47874367237091064, -1.0, 0.09230691939592361, 1.0, -1.0, 0.07830017060041428, 0.7406935095787048, -0.4868164658546448, 0.6445456147193909, 0.5370473861694336, -1.0, 0.9525132775306702, 1.0, 0.09493664652109146, 1.0, -0.9270052313804626, 1.0, 0.8894997835159302, 0.3304249048233032]
[0.07658708840608597, -0.2350701093673706, -0.23252177238464355, 0.08559872210025787, 0.21250835061073303, 0.11194154620170593, 0.30061933398246765, -0.1135587990283966, -0.04251446574926376, -0.18253393471240997, -0.6446499824523926, 0.4066614508628845, -0.2863326072692871, -0.47179675102233887, -0.9644017815589905, 0.04573477804660797, 0.6371244788169861, 0.031125614419579506, 0.07244138419628143, 0.7776796221733093, -0.3609265983104706, 0.7884492874145508, 0.4312792420387268, 0.660734236240387, -0.7378003001213074, 0.17568695545196533, -0.3790806233882904, -0.8432613611221313, 1.4357905387878418, 1.8406137228012085, -0.14311440289020538, -0.7087095975875854, 1.3158761262893677, 1.7139688730239868, 0.4607200622558594, 0.8445717692375183, 1.566069483757019, 1.892321228981018, 0.02523636631667614, 0.7134477496147156, 0.6613810658454895, -1.0522129535675049, -0.19912414252758026, 0.2942534387111664, -0.8693370223045349, 0.08727340400218964, -0.23794172704219818, -1.3551292419433594, 0.38274502754211426, 4.163299083709717, 0.06436838954687119, 0.031112078577280045, -0.0517389141023159, -0.035926591604948044, 0.17887167632579803, -0.08092663437128067, -0.11330705136060715, -0.05220210179686546, -0.003561612218618393, 0.33636435866355896, 0.1020248681306839, 0.040473684668540955, 0.2937127351760864, -0.004663566593080759, 0.057332657277584076, -0.0779409408569336, -0.05148794502019882, -0.16148507595062256, 0.15269839763641357, 0.07312477380037308, 0.04147765040397644, -0.004560877103358507, 0.019314782693982124, -0.39270877838134766, 0.5141264200210571, -0.5118057727813721, 0.4562000036239624, -0.5738955736160278, -0.4478619396686554, 0.06299000233411789, 0.2628493010997772, 0.10419098287820816, 0.1533663123846054, -3.2664241790771484, 3.8037095069885254, 0.0, -0.38999998569488525, 0.47999998927116394, -0.6623125672340393, 0.30807608366012573, -0.5883525013923645, 0.3468034863471985, -0.3825177252292633, 0.2172112762928009, -0.607001543045044, 0.6618525981903076, -0.0062546506524086, -0.4220804274082184, 0.5177962779998779, -0.05672929063439369, 0.41515374183654785, 0.9024863839149475, -0.09973681718111038, 0.5648910999298096, 0.08331163227558136, -0.19495198130607605, -12.63168716430664, -3.4727203845977783, 5.266659736633301, 0.012100745923817158, -0.4355121850967407, 0.509136438369751, 0.00917487870901823, 0.13830973207950592, 0.9900103211402893, -0.025801220908761024, 0.6337836384773254, 0.25027996301651, -0.04872503876686096, -12.425971984863281, -1.1727652549743652, 4.623530387878418, 0.038607921451330185, -0.4107581675052643, 0.5260068774223328, -0.051074180752038956, 0.12810151278972626, 0.974303126335144, -0.17808663845062256, 0.25562188029289246, 0.8759350776672363, 0.19947652518749237, -21.014671325683594, -7.246812343597412, 0.27947819232940674, 0.05307387188076973, -0.3842844069004059, 0.5322588682174683, -0.038512252271175385, 0.5345920324325562, 0.8425182104110718, -0.0537688322365284, 0.45353391766548157, 0.3035014271736145, 0.2109372913837433, 1.9092748165130615, 1.0113884210586548, 0.24106258153915405, -0.045679353177547455, -0.3894018232822418, 0.5038385391235352, 0.26566386222839355, -0.6131215691566467, 0.6243268251419067, 0.40462395548820496, 0.38505682349205017, -0.16834452748298645, -0.276701420545578, 8.660483360290527, -0.41482263803482056, 5.096951484680176, 0.16905663907527924, 1.1592077016830444, 0.11504579335451126, -0.018538476899266243, -0.009591114707291126, -0.005707889795303345, 0.9772100448608398, 1.5426998138427734, -0.14831127226352692, -0.02906160242855549, -0.0091312937438488, -0.024002743884921074, -0.08650854229927063, -1.064369797706604, 1.5778419971466064, 0.02450813725590706, -0.0018777110381051898, 0.0007898480398580432, 0.07774598896503448, 1.5081716775894165, 0.051208365708589554, -0.02886536717414856, 0.001210849150083959, 0.00027993126423098147, 0.5142511129379272, -0.8989125490188599, 0.15066182613372803, 0.005510833580046892, -0.01278890110552311, 0.007663848344236612, -1.0, 0.120670847594738, -1.0, -0.6093646883964539, 1.0, -1.0, -0.24212175607681274, 0.9518982172012329, 1.0, 1.0, 0.6125780940055847, -0.8775787353515625, 1.0, 1.0, -0.7989909648895264, 0.8679441213607788, -1.0, 1.0, 0.031111858785152435, -0.26244282722473145]
[-0.10950837284326553, -0.2527330815792084, -0.27086156606674194, -0.009271538816392422, 0.22630803287029266, 0.24346111714839935, 0.16468097269535065, -0.16064783930778503, 0.10083330422639847, -0.008051976561546326, -0.5283094048500061, 0.5144070386886597, -0.22997066378593445, -0.31189173460006714, -0.9543477296829224, 0.20433485507965088, 0.7028424143791199, -0.10749422758817673, 0.036686185747385025, 0.8034904599189758, -0.4504227936267853, 0.7106133103370667, 0.29887092113494873, 0.4559169113636017, -0.6851521134376526, -0.318820983171463, -0.27504703402519226, -1.064949870109558, -0.6629629731178284, 0.47586295008659363, -0.6278891563415527, -0.30896684527397156, 1.2773164510726929, 1.5708526372909546, 0.4365522563457489, 1.1029781103134155, -0.03464750200510025, 0.883957028388977, 0.0456077978014946, 0.6178819537162781, 0.5702196955680847, -1.399443507194519, -0.4222204387187958, 0.32327958941459656, -0.529984176158905, -0.34076938033103943, -1.1316078901290894, -2.173403739929199, 0.954293966293335, -4.873056888580322, -0.04584212601184845, -0.3607773780822754, -0.27746474742889404, -0.16198104619979858, 0.031446684151887894, -0.10300768911838531, -0.0015126423677429557, 1.0684598237276077e-05, -0.008402856066823006, -0.15960067510604858, -0.15505754947662354, -0.11383862793445587, -0.340520441532135, -0.007603118196129799, -0.18612787127494812, -0.0531587079167366, -0.019293805584311485, 0.1186184212565422, -0.022189263254404068, -0.062232062220573425, -0.20769339799880981, -0.0840466320514679, 0.021302858367562294, -0.38937488198280334, 0.513581395149231, -0.5114838480949402, 0.46022021770477295, -0.6660163998603821, -0.2881034016609192, 0.2429993897676468, 0.1961570829153061, -0.1671680212020874, -0.470822811126709, 2.717729091644287, 0.23109152913093567, 0.0, -0.38999998569488525, 0.47999998927116394, -0.6623125672340393, 0.30807608366012573, -0.5883525013923645, 0.3468034863471985, -0.3026109039783478, 0.10818555951118469, -0.5477167963981628, 0.7724822759628296, 0.0048998212441802025, -0.42555248737335205, 0.5135295987129211, -0.07528094202280045, 0.42576494812965393, 0.8922959566116333, -0.12986475229263306, 0.6751967072486877, -0.42938587069511414, -0.32640960812568665, 7.702023983001709, 1.4871509075164795, 4.88636589050293, 0.024206919595599174, -0.4333704710006714, 0.5066865682601929, -0.011134341359138489, 0.23671068251132965, 0.968530535697937, -0.07610849291086197, 0.6394453048706055, 0.3019903600215912, -0.3378203809261322, -10.84101676940918, -2.374197006225586, 6.655065536499023, 0.04455629736185074, -0.4032069146633148, 0.5273259878158569, -0.07081516832113266, 0.24494951963424683, 0.949964702129364, -0.18042117357254028, 0.31963375210762024, 0.48264986276626587, -0.12692980468273163, -7.562047004699707, -2.89843487739563, 0.8962292671203613, 0.060258761048316956, -0.3806881010532379, 0.5328603982925415, -0.032410088926553726, 0.49472755193710327, 0.8663818836212158, -0.05980515480041504, 0.43452247977256775, 0.10069889575242996, 0.034151408821344376, 7.567356586456299, 1.6700204610824585, 0.36640414595603943, -0.039698511362075806, -0.39236658811569214, 0.498186320066452, 0.35015812516212463, -0.6713666319847107, 0.5678436160087585, 0.32281526923179626, 0.5353790521621704, -0.15986290574073792, -0.7498109936714172, 18.517066955566406, -0.8293247222900391, 8.973614692687988, 0.0917474776506424, 1.8020567893981934, -3.206794261932373, -0.134950190782547, 0.011474035680294037, 0.0035222149454057217, 0.2044871598482132, -0.5011726021766663, -0.9746884703636169, -0.007506904657930136, -0.002548773540183902, -0.0023146308958530426, 0.3335281014442444, 1.7871508598327637, -1.7937371730804443, -0.08703137934207916, 0.004770090337842703, 0.0017894594930112362, 0.13937295973300934, -0.31937870383262634, -1.3191046714782715, -0.024084486067295074, 0.0015039487043395638, 0.0009566653752699494, -2.980618953704834, 0.9118613004684448, 0.49111032485961914, -0.007785793859511614, -0.03635672852396965, -0.0027157492004334927, -1.0, -0.8622746467590332, -1.0, -1.0, -0.719733715057373, -1.0, 0.15927252173423767, 1.0, 0.3338162899017334, 1.0, -0.5916612148284912, -1.0, 1.0, 1.0, -1.0, 1.0, -0.8174295425415039, -0.37123218178749084, -1.0, -1.0]
[-0.2797364890575409, -0.3246934115886688, -0.3047817349433899, -0.07311520725488663, 0.18946780264377594, 0.251747727394104, 0.07607457041740417, -0.18167905509471893, 0.13028527796268463, 0.10979016125202179, -0.42255699634552, 0.5811542272567749, -0.2118600308895111, -0.2730027735233307, -0.947016716003418, 0.33401092886924744, 0.756420910358429, -0.22456063330173492, -0.006572597660124302, 0.7772272825241089, -0.5257343053817749, 0.5950867533683777, 0.16892682015895844, 0.3205764591693878, -0.6054572463035583, -0.6270813345909119, -0.08359302580356598, -0.38384246826171875, -0.16158996522426605, -0.044880304485559464, -0.3652690351009369, -0.09111576527357101, -0.2513227164745331, 0.5010335445404053, 0.5412725210189819, 0.42917710542678833, 0.2833407521247864, 0.1608058512210846, 0.015715505927801132, 0.48674502968788147, 0.454197496175766, -0.9117557406425476, -0.3614029586315155, -0.6667558550834656, -0.5597983598709106, -0.25821971893310547, -0.6147244572639465, -0.7653018236160278, 2.2835652828216553, -2.9259400367736816, 0.06560000777244568, 0.004222635179758072, 0.06920340657234192, 0.023411594331264496, 0.0378483384847641, -0.03412928804755211, -0.07655344158411026, -0.08068948984146118, 0.0553736686706543, -0.23300594091415405, -0.05285222828388214, -0.02520919218659401, -0.18237656354904175, -0.00481881108134985, -0.14263756573200226, 0.002833629958331585, 0.012822173535823822, -0.07571619749069214, -0.18901121616363525, -0.08198588341474533, 0.08585646003484726, 0.0733809769153595, 0.02436382696032524, -0.38895517587661743, 0.5108709335327148, -0.5454119443893433, 0.47360023856163025, -0.675169825553894, -0.14958031475543976, 0.06439882516860962, -0.12226427346467972, -0.17547446489334106, 1.5392816066741943, 0.26014718413352966, 3.6543452739715576, 0.0, -0.38999998569488525, 0.47999998927116394, -0.6623125672340393, 0.30807608366012573, -0.5883525013923645, 0.3468034863471985, -0.21757939457893372, 0.08404937386512756, -0.4678002595901489, 0.8525009751319885, 0.015620969235897064, -0.4285125136375427, 0.5054974555969238, -0.08292348682880402, 0.3708970248699188, 0.9107202291488647, -0.16170263290405273, 0.5760984420776367, -0.16501514613628387, -0.46115002036094666, 5.806835174560547, 1.7792855501174927, 3.5230019092559814, 0.03494130074977875, -0.43223145604133606, 0.49984437227249146, -0.027506208047270775, 0.2626503109931946, 0.9576078057289124, -0.11508867889642715, 0.579246997833252, 0.0037380405701696873, -0.47085025906562805, 2.4347620010375977, -0.09136339277029037, 4.769100189208984, 0.05092762038111687, -0.39898034930229187, 0.5236674547195435, -0.07630543410778046, 0.26991912722587585, 0.9415677785873413, -0.1864701807498932, 0.36710506677627563, 0.20889973640441895, -0.32266131043434143, -1.1649773120880127, -0.189561665058136, 0.2432590276002884, 0.06711828708648682, -0.37849611043930054, 0.5297651886940002, -0.02470211498439312, 0.44014108180999756, 0.8949351906776428, -0.0689680352807045, 0.4090380370616913, 0.051761265844106674, -0.17691615223884583, 6.920516014099121, 1.9975552558898926, 0.5999722480773926, -0.034894779324531555, -0.39420703053474426, 0.4908803701400757, 0.3966907560825348, -0.7187070846557617, 0.5157248377799988, 0.24520280957221985, 0.28796058893203735, 0.0010659273248165846, -0.5642391443252563, 9.15941333770752, -3.5628440380096436, 2.694298028945923, 0.4848373532295227, -0.944658637046814, 0.2348480224609375, 0.009241713210940361, -0.0035558603703975677, -0.0033884444274008274, 0.36445823311805725, 0.9265733361244202, -0.8042672276496887, -0.06679088622331619, 0.00033307791454717517, -0.00027113358373753726, 0.44891390204429626, 0.33058610558509827, -1.2761163711547852, -0.02025040052831173, -0.006572440732270479, -0.008638089522719383, 0.2436227947473526, -0.5793867111206055, -0.7768198251724243, 0.0041313739493489265, 0.0004047082911711186, 0.0013282453874126077, 1.8088734149932861, 1.034936785697937, -0.44709068536758423, 0.0012073481921106577, 0.044439006596803665, 0.013695835135877132, -1.0, -1.0, -1.0, -0.6617792248725891, 0.19432136416435242, -1.0, 0.47358500957489014, -0.04047568887472153, 1.0, 0.5782260894775391, -0.0400855727493763, -1.0, 0.93979412317276, 1.0, -0.6765767931938171, 0.3349291682243347, -1.0, 0.02628222107887268, -0.21231693029403687, 0.11184652894735336]
[-0.4258356988430023, -0.3879786729812622, -0.3599969744682312, -0.1562672108411789, 0.12046368420124054, 0.23845386505126953, -0.06717370450496674, -0.1867319792509079, 0.09605385363101959, 0.12178894877433777, -0.2448863983154297, 0.5891380310058594, -0.1878717988729477, -0.2599449157714844, -0.9557034373283386, 0.39340919256210327, 0.7986341714859009, -0.33513519167900085, -0.043712932616472244, 0.7606451511383057, -0.5997748374938965, 0.41439932584762573, 0.025348838418722153, 0.2717778980731964, -0.5069776773452759, -0.3304724395275116, -0.2948981523513794, -0.9766474962234497, -0.891652524471283, -0.21911771595478058, -0.7269229292869568, 0.026418516412377357, -0.31985509395599365, -0.04272695630788803, 0.8322648406028748, -0.15251260995864868, 0.17616590857505798, 0.12145643681287766, -0.06591100990772247, 0.11579698324203491, 0.3572516441345215, -1.0777587890625, -0.3818764388561249, 0.04341048002243042, -0.5217196345329285, -0.5423120856285095, -1.027783989906311, -0.28912612795829773, 2.4192869663238525, 3.0057120323181152, 0.04092727228999138, 0.053701769560575485, -0.05601315200328827, -0.036262281239032745, 0.02345963381230831, 0.16546064615249634, 0.03261839970946312, -0.006552251987159252, 0.034017547965049744, -0.034097570925951004, -0.04396422952413559, -0.01767510361969471, 0.2511258125305176, -0.025298241525888443, 0.02987944334745407, -0.005837293341755867, -0.007136622443795204, 0.014116374775767326, 0.03218783810734749, -0.014998186379671097, 0.006704242900013924, 0.011993514373898506, 0.025373194366693497, -0.39264583587646484, 0.5069689750671387, -0.6017524003982544, 0.4576088786125183, -0.6544985175132751, 0.010945654474198818, 0.04914972558617592, -0.2554857134819031, -0.2838239073753357, 3.162346601486206, -1.2608989477157593, 3.165815591812134, 0.0, -0.38999998569488525, 0.47999998927116394, -0.6623125672340393, 0.30807608366012573, -0.5883525013923645, 0.3468034863471985, -0.1338403970003128, 0.07588821649551392, -0.33823704719543457, 0.9283983707427979, 0.025976741686463356, -0.43131500482559204, 0.49674996733665466, -0.0830797329545021, 0.2904413342475891, 0.9329156279563904, -0.19598431885242462, 0.6438888907432556, -0.33787503838539124, -0.4091354310512543, 11.244118690490723, 4.302101135253906, 4.341708183288574, 0.045096807181835175, -0.4308604598045349, 0.49391797184944153, -0.042437199503183365, 0.2316686064004898, 0.9587724804878235, -0.15900936722755432, 0.5458541512489319, 0.06481564044952393, -0.22764022648334503, 3.5309834480285645, -0.10890869051218033, 5.973426342010498, 0.05705469474196434, -0.3970167934894562, 0.5194137096405029, -0.06693299114704132, 0.2699579894542694, 0.9431613683700562, -0.1819044053554535, 0.38826891779899597, 0.06747765094041824, -0.2061292678117752, 0.4820244014263153, 1.556411623954773, -1.4068925380706787, 0.07337286323308945, -0.37667790055274963, 0.5265572667121887, -0.019504236057400703, 0.38529348373413086, 0.9185867309570312, -0.08583089709281921, 0.3498581647872925, 0.0330628901720047, -0.06801476329565048, 7.047311305999756, 1.9396904706954956, 1.9106348752975464, -0.031035322695970535, -0.394933819770813, 0.4834189713001251, 0.41941991448402405, -0.7557177543640137, 0.46532583236694336, 0.19091758131980896, 0.2598709464073181, 0.06496956199407578, -0.5713880062103271, 9.924078941345215, -1.109144687652588, 1.7343332767486572, 0.3294352889060974, 0.9706264734268188, -0.010112602263689041, -0.02170288749039173, 0.0002086437598336488, 3.659011053969152e-05, 0.3273092210292816, 0.42315754294395447, 1.0129971504211426, -0.00020488857990130782, 0.0027988094370812178, 0.0013738811248913407, 0.3106391131877899, 0.7853406667709351, 0.1815711110830307, -0.005894992966204882, -0.005103670991957188, -0.004207960329949856, 0.42292627692222595, 0.49955976009368896, 0.32780352234840393, 0.00035677466075867414, 0.004784582182765007, 0.0013776315608993173, 0.44923585653305054, 0.17188818752765656, -0.14540819823741913, -0.006465860176831484, 0.004805743228644133, -0.007512133568525314, -1.0, -0.4933529198169708, -1.0, -1.0, -0.5411477088928223, -1.0, -0.018064551055431366, -0.10272889584302902, 1.0, 0.38441842794418335, -0.11188246309757233, -1.0, 0.39990249276161194, 1.0, -1.0, 0.8749148845672607, -1.0, -1.0, -1.0, 0.17973266541957855]
[-0.548585057258606, -0.43541261553764343, -0.43990981578826904, -0.24282333254814148, 0.0679299458861351, 0.21600261330604553, -0.23140251636505127, -0.17297549545764923, 0.053948767483234406, 0.11154180765151978, -0.04907972738146782, 0.5741310119628906, -0.12807296216487885, -0.22830195724964142, -0.966494619846344, 0.42200547456741333, 0.8334229588508606, -0.44490838050842285, -0.11918371915817261, 0.7822004556655884, -0.6650744676589966, 0.19720043241977692, -0.13671155273914337, 0.269056499004364, -0.4124135673046112, -0.3629792630672455, -0.3501550257205963, -0.7022122740745544, -0.26711180806159973, -0.1564367264509201, -0.595542848110199, 0.06303784251213074, -0.4775354564189911, -0.13319805264472961, 0.7782618999481201, -0.11462018638849258, 0.7520709037780762, 0.546822726726532, -0.03898176923394203, 0.11804862320423126, 0.30529046058654785, -0.9797950983047485, -1.0008227825164795, 0.38200268149375916, -0.43915286660194397, -0.527647078037262, -0.9813823103904724, 0.11137658357620239, 2.918962001800537, -0.7088371515274048, 0.07349168509244919, 0.06476669758558273, 0.07678654789924622, 0.03387516364455223, 0.11731404066085815, -0.09229748696088791, -0.042017318308353424, -0.01615195907652378, 0.009179089218378067, 0.003472357988357544, 0.043135810643434525, 0.039361268281936646, 0.04833110049366951, 0.006712768226861954, -0.05849970504641533, -0.005854476243257523, -0.02200813591480255, 0.04279527813196182, -0.06631546467542648, -0.021723270416259766, 0.013578347861766815, 0.015861034393310547, 0.026970967650413513, -0.3999517560005188, 0.5028397440910339, -0.597536027431488, 0.4923919439315796, -0.5978302359580994, 0.2076050341129303, 0.21171915531158447, -0.3573509156703949, 0.08058276027441025, -6.77178955078125, 3.8472142219543457, 4.810314178466797, 0.0, -0.38999998569488525, 0.47999998927116394, -0.6623125672340393, 0.30807608366012573, -0.5883525013923645, 0.3468034863471985, 0.035794686526060104, 0.0624164417386055, -0.22721551358699799, 0.9711828231811523, 0.03540835902094841, -0.4326355457305908, 0.4887213110923767, -0.08088457584381104, 0.21416547894477844, 0.9457719326019287, -0.2304481416940689, 0.5219311118125916, -0.11626850068569183, -0.42743629217147827, 6.848475456237793, 2.7416739463806152, 4.015163898468018, 0.05397810786962509, -0.42853933572769165, 0.4900663197040558, -0.05720147117972374, 0.19990231096744537, 0.9570136070251465, -0.2022172063589096, 0.4588307738304138, 0.043986741453409195, -0.24402235448360443, 4.586510181427002, 0.7051453590393066, 4.912125110626221, 0.06214476004242897, -0.3951750695705414, 0.5157694816589355, -0.05567970499396324, 0.28726091980934143, 0.9406819939613342, -0.17175030708312988, 0.26817676424980164, 0.1912582367658615, -0.26297813653945923, -4.289224624633789, -0.2158169448375702, -1.6392024755477905, 0.07868897169828415, -0.3750721514225006, 0.5239888429641724, -0.013008678331971169, 0.3167177736759186, 0.9427601099014282, -0.10355614870786667, 0.3061448931694031, -0.03681530803442001, -0.07786743342876434, 9.893006324768066, 2.684300661087036, 1.228219985961914, -0.02754228562116623, -0.39469191431999207, 0.47609418630599976, 0.44007888436317444, -0.7851160764694214, 0.40717604756355286, 0.15534093976020813, 0.18084974586963654, 0.1360253393650055, -0.5463192462921143, 8.626171112060547, 0.9349571466445923, 0.5929814577102661, 0.5411413908004761, -0.7914412617683411, 0.5734776258468628, 0.022003548219799995, -0.0007405623327940702, -0.002433542627841234, 0.7721147537231445, 0.16954940557479858, -0.6069905161857605, -0.013608718290925026, -0.006095522083342075, -0.007720308378338814, 0.5106932520866394, -0.7628495097160339, 0.0707547664642334, 0.027918526902794838, 0.0005367171252146363, -0.0011562368599697948, 0.4435082972049713, 0.3002852499485016, -0.29249465465545654, -0.017503857612609863, -0.0019450171384960413, -0.0027695349417626858, 0.41213488578796387, 0.5540716052055359, -0.08059453964233398, -0.0035298496950417757, 0.009266875684261322, -0.005136208608746529, -1.0, -0.6628867983818054, -1.0, -0.6559042930603027, 0.030873559415340424, -1.0, 0.03963378816843033, -0.20053112506866455, 1.0, 0.494792640209198, 0.41955801844596863, -1.0, 0.5851663947105408, 1.0, -1.0, 1.0, -1.0, -1.0, -1.0, 0.4056008458137512]
[-0.6491778492927551, -0.42887428402900696, -0.5050308108329773, -0.33718517422676086, 0.11394025385379791, 0.2153497189283371, -0.33617645502090454, -0.2381657510995865, 0.016113590449094772, 0.08861378580331802, 0.10632046312093735, 0.5430928468704224, -0.09759720414876938, -0.16377133131027222, -0.9872737526893616, 0.3629869818687439, 0.8597456812858582, -0.5415025949478149, -0.23750951886177063, 0.790797233581543, -0.7247530817985535, -0.005853054579347372, -0.2857382893562317, 0.29820147156715393, -0.3445962369441986, 0.2982810139656067, -0.17179501056671143, -0.9270041584968567, 0.7911321520805359, 0.14241734147071838, -0.2724687159061432, -0.8952282071113586, -0.26217716932296753, -0.2375229150056839, 0.48416805267333984, -0.4281211793422699, 0.032734304666519165, 0.4647707939147949, -0.11038094758987427, -0.4318860173225403, 0.21606917679309845, -0.8431540727615356, -1.1214921474456787, -0.04785942658782005, -0.41569995880126953, -0.48022565245628357, -0.8740952610969543, 0.35300061106681824, 2.036583185195923, 6.5433549880981445, 0.09686456620693207, 0.32495543360710144, 0.12858952581882477, 0.04427887499332428, 0.12772539258003235, 0.1975102424621582, 0.035015787929296494, -0.0006233283784240484, -0.03610846400260925, 0.10080942511558533, -0.05905827507376671, -0.0446125790476799, 0.5276378393173218, -0.03973270207643509, 0.15196563303470612, 0.05380536615848541, 0.014665969647467136, -0.1727973222732544, 0.19271302223205566, 0.11186753213405609, 0.18922029435634613, 0.06020648404955864, 0.030195314437150955, -0.4075869023799896, 0.5019860863685608, -0.6358434557914734, 0.4386254847049713, -0.5571779012680054, 0.30473506450653076, 0.20647110044956207, -0.5009457468986511, 0.027489690110087395, 1.2516380548477173, -0.5149781107902527, 2.77691912651062, 0.0, -0.38999998569488525, 0.47999998927116394, -0.6623125672340393, 0.30807608366012573, -0.5883525013923645, 0.3468034863471985, 0.06773031502962112, 0.0633094385266304, -0.10855860263109207, 0.9897572994232178, 0.04274888336658478, -0.43212905526161194, 0.48561176657676697, -0.08571554720401764, 0.19523169100284576, 0.9428267478942871, -0.2561546266078949, 0.3536399006843567, 0.06490271538496017, -0.006134644150733948, -1.3361382484436035, -0.7783316969871521, 2.5330305099487305, 0.061888933181762695, -0.4281623661518097, 0.4875113070011139, -0.05871272459626198, 0.1516132950782776, 0.9581971168518066, -0.2354240119457245, 0.4605950713157654, -0.0947621688246727, -0.020412923768162727, 4.940568447113037, 2.3041787147521973, 3.2954025268554688, 0.06644277274608612, -0.3939668834209442, 0.5155171155929565, -0.04840260371565819, 0.3148013651371002, 0.9335840940475464, -0.16424939036369324, 0.25552287697792053, 0.054539889097213745, 0.0950361117720604, -2.0554044246673584, 0.17928098142147064, -0.5035877227783203, 0.08298546075820923, -0.3729431927204132, 0.5243154764175415, -0.012216724455356598, 0.2454485148191452, 0.960602879524231, -0.12979908287525177, 0.21855464577674866, 0.05173185095191002, 0.19529834389686584, 7.4645586013793945, 1.4746791124343872, 3.534062623977661, -0.02490636333823204, -0.3941059708595276, 0.4723062217235565, 0.44160744547843933, -0.8041147589683533, 0.37499144673347473, 0.13328014314174652, 0.14755049347877502, 0.060645103454589844, -0.11823896318674088, 2.8969109058380127, -1.5779876708984375, -0.9526028633117676, 0.45394444465637207, -0.06989429146051407, 2.391805410385132, 0.043230462819337845, -0.007861621677875519, -0.005398332607001066, 0.6122840046882629, 0.6764168739318848, 1.474448561668396, 0.00952292513102293, -0.009294032119214535, -0.009077823720872402, 0.40908175706863403, 1.6320793628692627, 0.9123548865318298, -0.020131386816501617, 0.00866501871496439, 0.00444888835772872, 0.5401473045349121, 0.23191414773464203, 1.4839154481887817, 0.018144682049751282, 0.007867873646318913, 0.002786284312605858, 2.4397082328796387, -1.6066772937774658, -1.4395554065704346, 0.01812433823943138, 0.021171152591705322, 0.008295725099742413, -1.0, 0.23825334012508392, -1.0, -0.9769237637519836, 0.7820965647697449, -1.0, -0.707561194896698, 0.13848650455474854, 1.0, 0.07274086773395538, -0.21438898146152496, -1.0, -0.4439658224582672, 1.0, -1.0, 0.6921126246452332, -1.0, -1.0, -1.0, 0.5595334768295288]
