1
[0.0, 0.0, 0.0, 0.0, 0.0, 0.0, 0.0, 0.0, 0.0, 0.0, 0.0, 0.0, 0.0, 0.0, 0.0, 0.0, 0.0, 0.0, 0.0, 0.0, 0.0, 0.0, 0.0, 0.0, 0.0, 0.0, 0.0, 0.0, 0.0, 0.0, 0.0, 0.0, 0.0, 0.0, 0.0, 0.0, 0.0, 0.0, 0.0, 0.0, 0.0, 0.0, 0.0, 0.0, 0.0, 0.0, 0.0, 0.0, 0.0, 0.0, 0.0, 0.0, 0.0, 0.0, 0.0, 0.0, 0.0, 0.0, 0.0, 0.0, 0.0, 0.0, 0.0, 0.0, 0.0, 0.0, 0.0, 0.0, 0.0, 0.0, 0.0, 0.0, 0.0, 0.0, 0.0, 0.0, 0.0, 0.0, 0.0, 0.0, 0.0, 0.0, 0.0, 0.0, 0.0, 0.0, 0.0, 0.0, 0.0, 0.0, 0.0, 0.0, 0.0, 0.0, 0.0, 0.0, 0.0, 0.0, 0.0, 0.0, 0.0, 0.0, 0.0, 0.0, 0.0, 0.0, 0.0, 0.0, 0.0, 0.0, 0.0, 0.0, 0.0, 0.0, 0.0, 0.0, 0.0, 0.0, 0.0, 0.0, 0.0, 0.0, 0.0, 0.0, 0.0, 0.0, 0.0, 0.0, 0.0, 0.0, 0.0, 0.0, 0.0, 0.0, 0.0, 0.0, 0.0, 0.0, 0.0, 0.0, 0.0, 0.0, 0.0, 0.0, 0.0, 0.0, 0.0, 0.0, 0.0, 0.0, 0.0, 0.0, 0.0, 0.0, 0.0, 0.0, 0.0, 0.0, 0.0, 0.0, 0.0, 0.0, 0.0, 0.0, 0.0, 0.0, 0.0, 0.0, 0.0, 0.0, 0.0, 0.0, 0.0, 0.0, 0.0, 0.0, 0.0, 0.0, 0.0, 0.0, 0.0, 0.0, 0.0, 0.0, 0.0, 0.0, 0.0, 0.0, 0.0, 0.0, 0.0, 0.0, 0.0, 0.0, 0.0, 0.0, 0.0, 0.0, 0.0, 0.0, 0.0, 0.0, 0.0, 0.0, 0.0, 0.0, 0.0, 0.0, 0.0, 0.0, 0.0]
[0.4049920439720154, 0.2921426296234131, 0.09720548242330551, -0.5553687214851379, -0.7442460060119629, -0.8445398807525635, 0.24723869562149048, -0.7438850402832031, -0.9978019595146179, -0.959984540939331, -0.009399216622114182, -0.6954990029335022, -0.49965256452560425, -0.6509091258049011, -0.7350254654884338, 0.16429738700389862, -0.838543713092804, -0.6981974244117737, -0.7748329043388367, -0.04780411720275879, -0.7177971601486206, -0.06157505512237549, -0.06354378163814545, 0.8736678957939148, -0.3749053180217743, 0.2825267016887665, -0.2625623643398285, 1.79414963722229, 1.9847360849380493, 0.40469178557395935, 0.296548068523407, 2.008112668991089, -0.07128068059682846, -0.036992546170949936, -0.4602387547492981, -0.45014581084251404, 1.8382726907730103, 0.5072687268257141, 0.8398743867874146, 0.508009135723114, 2.0423378944396973, -0.47707244753837585, -0.13426722586154938, -1.6157106161117554, 1.551761507987976, 0.2718823254108429, -0.639542818069458, 0.1736934930086136, -9.95515251159668, 4.225011825561523, -0.44112011790275574, 0.744195282459259, 0.4954833984375, 0.21009372174739838, -0.30447980761528015, 0.9141102433204651, 0.3696933388710022, 0.13101276755332947, -0.4911350607872009, 0.13661932945251465, 0.18624775111675262, 0.09659659117460251, 0.7528314590454102, -0.2349793165922165, 1.2085765600204468, 0.45304831862449646, 0.15106847882270813, -0.14023102819919586, 0.7747817039489746, 0.4597485065460205, -0.19679278135299683, -0.05540892481803894, 0.0035561739932745695, -0.392459899187088, 0.5310199856758118, 0.103852778673172, 0.6177154183387756, -0.77052903175354, 0.11801331490278244, 0.030969509854912758, -0.0007675867527723312, -0.0962739810347557, 0.19050857424736023, -1.2171391248703003, 0.2818882167339325, 0.0, -0.38999998569488525, 0.47999998927116394, -0.22206895053386688, -0.6671021580696106, 0.6765443682670593, 0.2189696580171585, 0.14505738019943237, 0.11313827335834503, -0.3164587616920471, -0.9305974245071411, -0.02615601196885109, -0.44766733050346375, 0.5293142795562744, 0.0016103314701467752, -0.4030446410179138, 0.9151554107666016, -0.006549546495079994, 0.4821034371852875, 0.5918400287628174, 1.2731289863586426, -22.333654403686523, 0.02299610897898674, 3.132704973220825, -0.007470577023923397, -0.45653653144836426, 0.5155122876167297, -0.013923201709985733, -0.5921429991722107, 0.8055920004844666, 0.01393553614616394, 0.28292790055274963, 0.2156994491815567, 1.0700875520706177, -10.898995399475098, 0.2380734384059906, 0.3465847969055176, 0.020184339955449104, -0.44601935148239136, 0.5263087153434753, 0.007501507643610239, -0.29327189922332764, 0.9556968808174133, -0.024056442081928253, 0.5355068445205688, 0.2971175014972687, 0.35993778705596924, -10.889880180358887, -0.2168121635913849, 4.167014122009277, 0.03730187565088272, -0.44134393334388733, 0.5228601694107056, -0.041756521910429, -0.43736156821250916, 0.8981046080589294, -0.01947295106947422, 0.01517074927687645, 0.43620041012763977, 1.2655445337295532, -10.606633186340332, -3.8619210720062256, -0.9660655856132507, -0.07713761925697327, -0.3703154921531677, 0.5159696936607361, -0.21222150325775146, -0.5885254740715027, 0.7510502934455872, 0.21100521087646484, 0.3273946940898895, -0.02303963154554367, 0.8699193000793457, -13.433012008666992, 0.5749528408050537, 3.9263765811920166, -2.393817663192749, -6.54933500289917, 1.3609893321990967, 0.1118536964058876, -0.012384193018078804, 0.008272945880889893, -1.636840581893921, -5.285556793212891, 0.28096601366996765, 0.051729414612054825, -0.004175788722932339, 0.0019332172814756632, -2.7305946350097656, -2.470244884490967, 0.7725626230239868, 0.05954292044043541, -0.01310180127620697, 0.015728168189525604, -0.9720194935798645, -6.401544094085693, 1.8736933469772339, 0.05504530295729637, 0.007044241763651371, 0.014478137716650963, -2.5667309761047363, -5.984232425689697, -0.16465792059898376, 0.04638519883155823, -0.014341250993311405, 0.03091203048825264, -1.0, 1.0, -0.4917960464954376, 1.0, 1.0, 0.6749758124351501, 1.0, -1.0, -1.0, -1.0, 1.0, 1.0, 1.0, 1.0, -1.0, -1.0, 1.0, 1.0, -0.8355095982551575, 1.0]
[0.2738596498966217, 0.36755266785621643, -0.016951201483607292, -0.4277268946170807, -0.6524516344070435, -0.7978476285934448, 0.3423200845718384, -0.6649925112724304, -0.9495601058006287, -0.9534438848495483, -0.04416392371058464, -0.7030817270278931, -0.4212108552455902, -0.5537852644920349, -0.7109826803207397, 0.16813302040100098, -0.6382935047149658, -0.6334642767906189, -0.7785162925720215, -0.18610447645187378, -0.6318392753601074, 0.004328109789639711, -0.03318443149328232, 0.7795270085334778, -0.5713011622428894, 0.6534280776977539, -0.585364818572998, 0.8481308817863464, 0.24100840091705322, 0.3846887946128845, 0.4365095794200897, 0.056195903569459915, 0.7098130583763123, 0.16296152770519257, -0.2650160789489746, -0.13340960443019867, -0.02090367116034031, 0.894650936126709, 0.07870269566774368, -8.37981715449132e-05, 2.0629689693450928, 1.3887999057769775, 0.1877344697713852, -1.7558931112289429, 0.10742511600255966, 0.090672567486763, 0.6311703324317932, -1.4033375978469849, -4.931563377380371, 2.843498706817627, -0.26839253306388855, -0.13636475801467896, -0.20710089802742004, -0.090806744992733, -0.15186916291713715, -0.3770001232624054, -0.123080313205719, -0.0367882065474987, -0.47083503007888794, -0.06729473173618317, -0.2673282027244568, -0.12214595079421997, 0.59135901927948, 0.06638124585151672, 0.7385708093643188, 0.5380659103393555, 0.2261207401752472, 0.04030784219503403, -0.5063400268554688, -0.31415310502052307, 0.06273116916418076, -0.004044400528073311, 0.004111523739993572, -0.39265918731689453, 0.5280380845069885, 0.14177240431308746, 0.62333744764328, -0.7522388100624084, 0.15964899957180023, 0.0356585830450058, -0.01025210227817297, -0.20733855664730072, 0.4449623227119446, -1.4678958654403687, 0.2770152688026428, 0.0, -0.38999998569488525, 0.47999998927116394, -0.22206895053386688, -0.6671021580696106, 0.6765443682670593, 0.2189696580171585, 0.1466016173362732, 0.17186059057712555, -0.316574364900589, -0.921277642250061, -0.016353759914636612, -0.44136157631874084, 0.5433468222618103, 0.013698906637728214, -0.2836325168609619, 0.9577751755714417, -0.045072220265865326, 0.7028630375862122, 0.5027180910110474, 0.8055619597434998, -10.617067337036133, -0.8222938179969788, 5.773157596588135, -0.0015981715405359864, -0.45350348949432373, 0.5278395414352417, -0.013773824088275433, -0.5304426550865173, 0.8475580811500549, 0.009271059185266495, 0.4140079617500305, 0.2280658334493637, 0.7308924794197083, -7.879327774047852, -0.3684990704059601, 0.6216448545455933, 0.02852589264512062, -0.4422997236251831, 0.5340284109115601, 0.011626508086919785, -0.20755036175251007, 0.9768504500389099, -0.05050535500049591, 0.6221616864204407, 0.31581565737724304, 0.4831415116786957, -6.940367698669434, -0.6152732968330383, 4.178982734680176, 0.043138764798641205, -0.4321831464767456, 0.5410007238388062, -0.04146450385451317, -0.3205135762691498, 0.945606529712677, -0.03714672476053238, 0.39659592509269714, 0.9747205972671509, 1.4918025732040405, -21.574668884277344, -1.1434999704360962, 1.057198166847229, -0.0742747113108635, -0.36924421787261963, 0.5228560566902161, -0.22256000339984894, -0.5300573706626892, 0.8061942458152771, 0.13984595239162445, 0.1761031448841095, 0.08698675781488419, 0.3103906214237213, -9.650797843933105, -4.895169258117676, 6.586414813995361, -1.2690041065216064, 2.4333982467651367, 0.021042518317699432, -0.054305773228406906, -0.006595018785446882, 0.007534252479672432, -0.7883935570716858, 1.619481086730957, 0.06253364682197571, -0.01249599177390337, -0.0022469412069767714, 0.0016633501509204507, -2.541346549987793, 2.948906898498535, -0.5102013349533081, -0.0779123529791832, -0.015058574266731739, 0.02319246344268322, 0.5969285368919373, -6.965689659118652, 1.6312313079833984, 0.12163540720939636, 0.01639849878847599, 0.006794985383749008, 0.16843804717063904, 3.7621448040008545, -0.16647610068321228, -0.030011583119630814, -0.006739400327205658, 0.009986544959247112, -1.0, 1.0, -1.0, -0.13089832663536072, -0.8544039726257324, 0.9435601830482483, -1.0, -0.41308727860450745, -1.0, -1.0, -1.0, 0.03478717803955078, 0.4742399752140045, 1.0, 0.9441505670547485, -1.0, -0.9748162627220154, -0.07914867252111435, 0.8752307891845703, -0.32715508341789246]
[0.11971014738082886, 0.45506522059440613, -0.04582926630973816, -0.4011017084121704, -0.6676728129386902, -0.7780709862709045, 0.3563999533653259, -0.6691322326660156, -0.8489238619804382, -0.9324997067451477, -0.1506933867931366, -0.6980960369110107, -0.4713307321071625, -0.5186558365821838, -0.6522778868675232, 0.18579745292663574, -0.4013892412185669, -0.5277687311172485, -0.704906165599823, -0.31889617443084717, -0.6493116617202759, -0.027356214821338654, 0.09936168789863586, 0.6306915879249573, -0.6186930537223816, 0.6569649577140808, -0.2152092307806015, 0.07657777518033981, -0.3588446080684662, 0.0023626640904694796, -0.094478540122509, -0.01180110964924097, 1.1654642820358276, 0.3097473680973053, -0.5273995399475098, 0.12999413907527924, -0.696654200553894, -0.04189397767186165, 0.38000115752220154, 0.12586069107055664, 2.257756471633911, 0.7652841210365295, 0.9958076477050781, -1.572047233581543, -0.27259835600852966, -0.17875443398952484, 0.9188265204429626, -1.355061411857605, -1.699907660484314, 0.7079099416732788, -0.302705854177475, -0.016721639782190323, -0.05334249138832092, -0.036933235824108124, -0.030131999403238297, -0.08737868070602417, 0.003490492468699813, 0.012371057644486427, -0.11281213909387589, 0.08436207473278046, -0.008415951393544674, -0.03180764243006706, 0.21545709669589996, -0.08386293053627014, 0.14204750955104828, -0.007044474594295025, 0.012925861403346062, 0.040364377200603485, -0.14065247774124146, -0.11534585803747177, -0.016995083540678024, 0.0023652534000575542, 0.013659721240401268, -0.38802456855773926, 0.5368599891662598, 0.04793921485543251, 0.6042816042900085, -0.7849422097206116, 0.12810677289962769, 0.49965158104896545, 0.27204757928848267, 0.3660447597503662, -0.9298520088195801, 3.09946870803833, 0.05395147204399109, 0.0, -0.38999998569488525, 0.47999998927116394, -0.22206895053386688, -0.6671021580696106, 0.6765443682670593, 0.2189696580171585, 0.15375910699367523, 0.07590136677026749, -0.36076024174690247, -0.9167600870132446, -0.007274027913808823, -0.4381880760192871, 0.5519228577613831, 0.0201154425740242, -0.24631427228450775, 0.9661858677864075, -0.07354911416769028, 0.6290785074234009, 0.19629953801631927, 0.48134472966194153, -1.8771803379058838, -0.1566588580608368, 4.15900993347168, 0.007303033024072647, -0.45033544301986694, 0.5377473831176758, -0.005718911066651344, -0.46839645504951477, 0.8834308981895447, -0.011039498262107372, 0.6482148170471191, 0.33975881338119507, 0.7793031930923462, -10.585268020629883, -0.4412035644054413, 3.4123425483703613, 0.039598871022462845, -0.4384092092514038, 0.5415233969688416, 0.02179841324687004, -0.18513871729373932, 0.9781754612922668, -0.09176646173000336, 0.7507199645042419, 0.28862276673316956, 0.47793513536453247, -0.302858829498291, 0.4385491907596588, 5.681314945220947, 0.04777027666568756, -0.4164118468761444, 0.5605952143669128, -0.05570001155138016, -0.13243448734283447, 0.9880543947219849, -0.055740002542734146, 0.16126930713653564, 1.4457062482833862, 1.2007696628570557, -23.90973472595215, -4.1363019943237305, 0.2739332616329193, -0.07211046665906906, -0.3690817952156067, 0.5240426063537598, -0.24225151538848877, -0.4948723614215851, 0.8327995538711548, 0.05348370224237442, 0.2019999474287033, -0.04273252561688423, 0.022517982870340347, -6.686828136444092, -6.696383953094482, 6.7490129470825195, -1.6988964080810547, 0.7738574743270874, 0.0001811762194847688, -0.02532537281513214, -0.013530743308365345, 0.01774759776890278, -0.06840011477470398, -0.054242514073848724, -0.010970484465360641, 0.011557422578334808, 0.0015498102875426412, -0.00027357495855540037, -0.6075213551521301, 0.32094573974609375, 0.195282980799675, -0.026993457227945328, -0.002793892053887248, 0.005226220935583115, 0.18332341313362122, -0.30622735619544983, 0.25191718339920044, 0.008332449942827225, 0.005449380725622177, 0.0020680539309978485, -0.15063738822937012, 1.6139119863510132, -0.00011215601261937991, -0.01490388810634613, 0.004775457549840212, -0.0020540147088468075, -1.0, 1.0, -1.0, -0.37814614176750183, -1.0, 0.3456450402736664, -0.7552809715270996, -0.0394146665930748, -1.0, -0.5774732828140259, -1.0, -0.03974318504333496, 0.43139132857322693, 1.0, -0.18748050928115845, -1.0, -1.0, -0.691834032535553, 1.0, -0.17284651100635529]
[-0.048261236399412155, 0.5485504269599915, -0.10652399808168411, -0.3935363292694092, -0.7136179804801941, -0.7873857617378235, 0.30975428223609924, -0.6800475120544434, -0.8032881021499634, -0.9059941172599792, -0.2795565724372864, -0.7154681086540222, -0.5497070550918579, -0.5365517735481262, -0.5348675847053528, 0.26121917366981506, -0.1994321346282959, -0.4655163288116455, -0.604272723197937, -0.43408650159835815, -0.6928727030754089, -0.13738645613193512, 0.23737896978855133, 0.51688152551651, -0.6334837675094604, 0.6495062708854675, -0.3190065324306488, 0.07636155933141708, -0.45644280314445496, -0.13260145485401154, -0.22686012089252472, -0.1610047072172165, 0.02798927202820778, 0.13207665085792542, -0.5327306985855103, -0.3149546980857849, -0.7387204170227051, -0.22527757287025452, 0.6354052424430847, 0.42145323753356934, 1.6623163223266602, 0.47590580582618713, 0.8049452900886536, -1.3355133533477783, -0.3451378643512726, -0.3239127993583679, 0.8110957145690918, -0.8925952315330505, -0.003269691951572895, -0.38884609937667847, -0.053000058978796005, -0.039331164211034775, -0.014502904377877712, -0.007477265782654285, -0.019012542441487312, -0.09609085321426392, -0.12000922858715057, -0.05814554542303085, 0.026464834809303284, -0.16278259456157684, -0.06023523956537247, -0.023288512602448463, 0.09904376417398453, -0.0008174889953806996, -0.15031692385673523, -0.09906557202339172, -0.051828622817993164, 0.025375748053193092, -0.03180175647139549, -0.030659811571240425, -0.02646747976541519, 0.003918410744518042, 0.022151069715619087, -0.3837834596633911, 0.541366696357727, -0.04214770719408989, 0.5839788317680359, -0.8080711960792542, 0.06490843743085861, 0.5186253786087036, 0.23634874820709229, 0.25967925786972046, -0.8023245930671692, 2.1795265674591064, 0.0693947896361351, 0.0, -0.38999998569488525, 0.47999998927116394, -0.22206895053386688, -0.6671021580696106, 0.6765443682670593, 0.2189696580171585, 0.14916352927684784, -0.03678811714053154, -0.37865692377090454, -0.912696897983551, 0.0029772440902888775, -0.4348853528499603, 0.5596478581428528, 0.030814779922366142, -0.23648503422737122, 0.9650644063949585, -0.10851652920246124, 0.6576331853866577, 0.2436586618423462, 0.4502469599246979, -0.7485070824623108, 0.27966368198394775, 4.707740783691406, 0.018068239092826843, -0.44654062390327454, 0.5467622876167297, 0.007042377721518278, -0.42204946279525757, 0.905518651008606, -0.043134018778800964, 0.6892635226249695, 0.2582249343395233, 0.49798262119293213, -3.2254645824432373, -0.47346481680870056, 4.270680904388428, 0.05178367346525192, -0.43388915061950684, 0.5480177402496338, 0.039214689284563065, -0.19977256655693054, 0.9694475531578064, -0.13683736324310303, 0.7799294590950012, 0.2495918720960617, 0.31004661321640015, 2.8539700508117676, 1.7194546461105347, 5.6393938064575195, 0.049218133091926575, -0.39825302362442017, 0.5761204361915588, -0.08974567800760269, 0.045156724750995636, 0.9927136898040771, -0.0665280818939209, -0.10342026501893997, 1.3734049797058105, 0.7092839479446411, -18.42994499206543, -6.172300338745117, -0.812180757522583, -0.06846309453248978, -0.37055644392967224, 0.5233346223831177, -0.2664428949356079, -0.4705122113227844, 0.8405879735946655, -0.03222078084945679, 0.2970733046531677, -0.13814830780029297, -0.056532055139541626, -4.687998294830322, -7.13428258895874, 6.403619766235352, -0.2655223309993744, 0.22153040766716003, -0.13551506400108337, -0.004154309630393982, -0.002770134713500738, 0.0033879028633236885, -0.04431912675499916, 1.5306434631347656, -0.15175914764404297, -0.03518589586019516, -0.0009246162371709943, 0.000220755347982049, 0.10291791707277298, 0.7688850164413452, -0.48906660079956055, -0.01175523642450571, 0.0005473223864100873, -0.0007365836063399911, 0.6464287042617798, 1.4164847135543823, -0.4744398593902588, -0.03058135323226452, 0.005585408769547939, -0.005266026593744755, -0.1094091385602951, 0.6155346632003784, 0.10361193120479584, -0.007059394381940365, 0.005668959580361843, -0.006701099220663309, -1.0, 1.0, -1.0, -0.3019648790359497, -1.0, 0.14629299938678741, -0.8894781470298767, -1.0, -1.0, -1.0, -1.0, 0.28452208638191223, 1.0, 0.6647834181785583, -0.2518303394317627, -1.0, -1.0, -1.0, 0.9339287877082825, 0.05977879464626312]
[-0.1300833523273468, 0.5986455082893372, -0.17317882180213928, -0.35373273491859436, -0.7601889371871948, -0.8026077151298523, 0.26245221495628357, -0.6496700048446655, -0.8181867003440857, -0.9029884338378906, -0.41312673687934875, -0.7499111890792847, -0.6227102279663086, -0.5608405470848083, -0.4159909784793854, 0.35765522718429565, -0.14025090634822845, -0.4248395264148712, -0.5392833948135376, -0.5306648015975952, -0.7398754954338074, -0.26833871006965637, 0.3566630482673645, 0.4694141149520874, -0.06482691317796707, 0.1506442129611969, -0.22071297466754913, 0.5178907513618469, -0.41257795691490173, -0.1429213136434555, -0.1722363531589508, 0.5183578133583069, -0.22146086394786835, -0.03387492895126343, -0.5482321381568909, -0.3283989131450653, -0.6417719721794128, -0.22276881337165833, 0.4627670347690582, 0.40110015869140625, -0.07581420242786407, 0.30632486939430237, 0.4536336362361908, -1.1111913919448853, -0.3437826931476593, -0.3258131742477417, 0.6984817385673523, -0.2010069638490677, 13.63471508026123, -5.861074447631836, 0.4935353398323059, -0.18962673842906952, -0.048001594841480255, -0.01309271715581417, 0.5568442940711975, -0.19794929027557373, -0.07048802822828293, -0.02530071511864662, 0.5466657876968384, -0.38727253675460815, -0.11703376471996307, -0.03271012008190155, -0.3801584243774414, 0.2868522107601166, -0.8849955201148987, -0.3532745838165283, -0.13166657090187073, 0.011031962931156158, 0.10919003933668137, 0.057433269917964935, 0.20039282739162445, 0.07759054005146027, 0.03079717978835106, -0.38019508123397827, 0.5441907644271851, -0.12087011337280273, 0.5602550506591797, -0.8194258213043213, 0.0067719388753175735, 0.5167304277420044, 0.20422981679439545, 0.1475130021572113, -0.7992332577705383, 2.4752180576324463, -0.08006394654512405, 0.0, -0.38999998569488525, 0.47999998927116394, -0.22206895053386688, -0.6671021580696106, 0.6765443682670593, 0.2189696580171585, 0.14264029264450073, -0.13654662668704987, -0.3890588879585266, -0.8998008966445923, 0.008236074820160866, -0.43149298429489136, 0.5647880434989929, 0.03897577151656151, -0.22935982048511505, 0.9636871218681335, -0.1310800164937973, 0.09046168625354767, 0.18149083852767944, 0.19847330451011658, -0.619361937046051, 0.1685008406639099, 1.385056972503662, 0.023563465103507042, -0.44346189498901367, 0.5525926947593689, 0.015051327645778656, -0.4015570282936096, 0.9135745763778687, -0.06250537186861038, 0.10113248229026794, 0.17042101919651031, 0.2699476480484009, -2.0849273204803467, -0.13015666604042053, 1.1262136697769165, 0.059434179216623306, -0.43169453740119934, 0.5497897267341614, 0.05942608788609505, -0.2331327497959137, 0.9561117887496948, -0.16723622381687164, 0.30231744050979614, -0.028769759461283684, -0.08621399104595184, 4.691634654998779, 2.6179654598236084, 2.7585794925689697, 0.047143321484327316, -0.3894205689430237, 0.5824010372161865, -0.12141387909650803, 0.13049477338790894, 0.9820937514305115, -0.06100405007600784, -0.2548084557056427, 0.23430530726909637, 0.07921785116195679, -4.340789794921875, -3.480712652206421, -1.88877272605896, -0.06640886515378952, -0.37190985679626465, 0.5208194255828857, -0.3029516041278839, -0.459887832403183, 0.8298127055168152, -0.09019039571285248, 0.002529699355363846, -0.05923696607351303, -0.250451922416687, -0.40402752161026, -7.171112537384033, 1.7706204652786255, 3.0109622478485107, 0.6403226256370544, -1.2867063283920288, -0.0034878766164183617, 0.010057016275823116, -0.016055326908826828, 3.1017181873321533, 1.2232334613800049, -0.523422122001648, -0.006952214986085892, 0.011976674199104309, -0.01172513235360384, 3.005399227142334, 1.5494693517684937, -1.447282075881958, -0.009468079544603825, 0.0083055030554533, -0.013470021076500416, 1.8509080410003662, 4.562101364135742, -3.096190929412842, -0.06323505938053131, -0.010213862173259258, -0.017341433092951775, 3.371427059173584, -0.527503252029419, -0.13868512213230133, -0.0033267028629779816, 0.023647714406251907, -0.019515791907906532, 1.0, 0.3418414294719696, -1.0, 0.04511344060301781, -1.0, 0.5298402905464172, -0.30121883749961853, -1.0, -1.0, -1.0, -1.0, -0.1882859170436859, 1.0, -0.6249566078186035, -0.3289106786251068, -1.0, -1.0, -1.0, 1.0, 0.4762343466281891]
[-0.10566401481628418, 0.5575618743896484, -0.21717160940170288, -0.25358790159225464, -0.8000154495239258, -0.8167155981063843, 0.25765296816825867, -0.56036776304245, -0.8428535461425781, -0.9090856313705444, -0.5310723781585693, -0.7816117405891418, -0.626072347164154, -0.5733768939971924, -0.38900047540664673, 0.42832499742507935, -0.19853536784648895, -0.40867897868156433, -0.5068491697311401, -0.6112989783287048, -0.7803419828414917, -0.38554802536964417, 0.45869457721710205, 0.4963003098964691, 0.22014625370502472, -0.5161232948303223, -0.1688651293516159, 1.105714201927185, -0.34616073966026306, -0.12341972440481186, 0.04004105180501938, 0.9712159037590027, -0.23697827756404877, -0.07002801448106766, -0.44804295897483826, -0.2994326651096344, 0.28157278895378113, -0.0021526068449020386, -0.09797573834657669, 0.26705148816108704, -0.8358845114707947, 0.05008241534233093, 0.17097033560276031, -0.927136242389679, -0.2843611538410187, -0.2780638337135315, 0.5963878035545349, 0.48242226243019104, 7.96739387512207, -9.70199203491211, 0.2608261704444885, -0.3903764486312866, -0.11345812678337097, -0.03286334127187729, 0.34635549783706665, -0.5140527486801147, -0.16922485828399658, -0.05314185470342636, 0.3591856062412262, -0.5931975841522217, -0.13164550065994263, -0.021522650495171547, -0.8502251505851746, 0.1807473599910736, -0.8305150866508484, -0.300315797328949, -0.10585522651672363, 0.05590308457612991, -0.09334032237529755, -0.03372327238321304, 0.16188375651836395, 0.0659385621547699, 0.03165984898805618, -0.38187485933303833, 0.5430838465690613, -0.17816035449504852, 0.5500604510307312, -0.8139597177505493, -0.056231167167425156, -0.18904633820056915, -0.2869429290294647, -0.22312456369400024, -0.5523308515548706, 4.324728488922119, -1.6843992471694946, 0.0, -0.38999998569488525, 0.47999998927116394, -0.22206895053386688, -0.6671021580696106, 0.6765443682670593, 0.2189696580171585, 0.11935507506132126, -0.21835395693778992, -0.3811921179294586, -0.8903753161430359, 0.007219591177999973, -0.4297407269477844, 0.5645849704742432, 0.040027838200330734, -0.2234196662902832, 0.9645313024520874, -0.13476160168647766, -0.1771688461303711, 0.07111036032438278, -0.12788470089435577, -0.5726262927055359, -0.14945676922798157, -0.22453966736793518, 0.022176848724484444, -0.44270065426826477, 0.55252605676651, 0.014252341352403164, -0.3915915787220001, 0.9181251525878906, -0.05915239080786705, -0.22511936724185944, -0.005434013903141022, -0.1339976042509079, -0.7616013288497925, 0.08235634863376617, -1.364566445350647, 0.06118994206190109, -0.43339449167251587, 0.5444524884223938, 0.07173462957143784, -0.26148316264152527, 0.9455047249794006, -0.18028134107589722, 0.0055200885981321335, -0.20796595513820648, -0.4831257164478302, 2.489941358566284, 1.1345244646072388, 1.0642199516296387, 0.045446451753377914, -0.3942283093929291, 0.5787198543548584, -0.12610815465450287, 0.11595696955919266, 0.984175443649292, -0.04526902735233307, -0.049180809408426285, -0.6327487230300903, -0.3939477205276489, 6.028097152709961, 0.9898077845573425, -1.689185619354248, -0.06709015369415283, -0.37275972962379456, 0.5154215097427368, -0.3567320704460144, -0.47050344944000244, 0.8000975847244263, -0.10588885098695755, -0.1487906575202942, -0.05136488378047943, -0.4925414025783539, 4.509468078613281, -6.964919090270996, -1.940988302230835, 1.637202262878418, 1.7013239860534668, -1.8242573738098145, -0.007343480829149485, 0.005184058099985123, -0.007172648794949055, 1.9019335508346558, 2.7387001514434814, -1.1029287576675415, -0.01206134632229805, 0.007880023680627346, -0.008938165381550789, 1.9989060163497925, 1.888700008392334, -1.9724400043487549, 0.006807850673794746, 0.008618795312941074, -0.007182787638157606, 0.8951088190078735, 3.5419609546661377, -3.734740972518921, -0.052725814282894135, -0.014592412859201431, -0.013391343876719475, 2.7750773429870605, 0.6922855973243713, -0.07201475650072098, -0.007462377659976482, 0.021537330001592636, -0.021177241578698158, 1.0, -1.0, -1.0, 0.5989816188812256, -1.0, 0.9703513979911804, -0.06783125549554825, -1.0, -1.0, -1.0, -0.31118398904800415, -1.0, 0.914879560470581, -1.0, -0.46447914838790894, -1.0, -1.0, -1.0, 1.0, 0.9089971780776978]
[-0.017543144524097443, 0.4310387969017029, -0.2595271170139313, -0.1492214947938919, -0.8316634297370911, -0.8278475403785706, 0.2799112796783447, -0.4808734655380249, -0.7606077790260315, -0.8996897339820862, -0.6261962652206421, -0.8110982179641724, -0.514930009841919, -0.5539903044700623, -0.42845630645751953, 0.41516926884651184, -0.29904815554618835, -0.3801216185092926, -0.49040743708610535, -0.6783806085586548, -0.814655065536499, -0.4855259954929352, 0.5451109409332275, 0.5597703456878662, 0.4113013446331024, -1.153974175453186, -0.16482840478420258, 0.8739766478538513, -0.2683006823062897, -0.09239475429058075, 0.1160527840256691, 0.6073793172836304, 1.2796591520309448, 0.27593448758125305, -0.35424885153770447, -0.26040196418762207, 1.4157241582870483, 0.350872665643692, -0.25871798396110535, -0.21557138860225677, -1.0037516355514526, 0.3726373612880707, 0.2326684445142746, -0.7709740400314331, -0.2323332279920578, -0.23134103417396545, 0.5030264854431152, 0.6403101682662964, 4.268991470336914, -8.138710021972656, 0.1480504423379898, -0.5315011143684387, -0.1836538314819336, -0.06030973792076111, 0.1946689933538437, -0.6381285786628723, -0.12955385446548462, -0.018368985503911972, 0.22520604729652405, -0.4917801022529602, -0.08846738189458847, -0.003841053694486618, -0.6374538540840149, 0.030318040400743484, -0.5013848543167114, -0.13755649328231812, -0.029946116730570793, 0.05578014627099037, -0.12340538948774338, -0.048384252935647964, 0.11940348148345947, 0.04029662907123566, 0.02810124307870865, -0.3876951336860657, 0.5370648503303528, -0.3015984296798706, 0.5226330161094666, -0.7602993845939636, -0.24049508571624756, -0.21944531798362732, -0.36610808968544006, -0.40985867381095886, -0.4335036277770996, 5.527015209197998, -2.022951364517212, 0.0, -0.38999998569488525, 0.47999998927116394, -0.22206895053386688, -0.6671021580696106, 0.6765443682670593, 0.2189696580171585, 0.03416551649570465, -0.41887763142585754, -0.32103443145751953, -0.8487114310264587, 0.003186087356880307, -0.43117886781692505, 0.5575382709503174, 0.038783442229032516, -0.23674488067626953, 0.9622113108634949, -0.1288290023803711, -0.29738426208496094, -0.23512448370456696, -0.6434069871902466, 3.175689220428467, 0.504423975944519, -1.2050753831863403, 0.016900712624192238, -0.44407886266708374, 0.5457348823547363, 0.008350171148777008, -0.3641737699508667, 0.9303677082061768, -0.04151574522256851, -0.41465404629707336, -0.08207608759403229, -0.5457287430763245, -5.08109712600708, -0.011621134355664253, -2.8022239208221436, 0.0587189607322216, -0.43719732761383057, 0.5331015586853027, 0.06822744756937027, -0.25993284583091736, 0.945233941078186, -0.18523702025413513, -0.2623056471347809, -0.249146968126297, -0.8236125111579895, -1.315317153930664, -1.5828605890274048, -0.030454188585281372, 0.04472577944397926, -0.4061252176761627, 0.5669315457344055, -0.11101506650447845, 0.056415144354104996, 0.9917093515396118, -0.031707633286714554, -0.0010383862536400557, -0.9286307692527771, -0.884518027305603, 7.883569240570068, 2.648998498916626, -0.7983272075653076, -0.06954925507307053, -0.3729839324951172, 0.5071932077407837, -0.41566699743270874, -0.4981991648674011, 0.7556791305541992, -0.08926055580377579, -0.24822591245174408, 0.01854444481432438, -0.722553014755249, 8.032071113586426, -5.631013870239258, -3.796386241912842, 0.9675178527832031, 2.652414321899414, -1.7581865787506104, -0.020523520186543465, 0.0036280332133173943, -0.003901413641870022, 1.0245473384857178, 2.2140941619873047, -1.1679623126983643, 0.014842424541711807, 0.003822276135906577, -0.0056236605159938335, 1.2724138498306274, 1.264949917793274, -1.639580249786377, 0.015133192762732506, 0.00698828836902976, -0.003836648538708687, 0.31676769256591797, 1.4593309164047241, -2.364530086517334, -0.00805615447461605, -0.007823433727025986, -0.00026701160822995007, 1.9132931232452393, 0.6895478963851929, 0.053778164088726044, -0.004975743591785431, 0.009683939628303051, -0.017166299745440483, 1.0, -1.0, -0.9993607401847839, 0.3698028326034546, -1.0, 1.0, -0.3355950117111206, 0.24243800342082977, -1.0, -1.0, 0.5078393220901489, -1.0, -0.03393504396080971, -1.0, -0.12231181561946869, -1.0, -1.0, -1.0, 1.0, 0.9759483337402344]
[0.05656551942229271, 0.24660766124725342, -0.29045167565345764, -0.07029759138822556, -0.8486770391464233, -0.8353748321533203, 0.31639277935028076, -0.4279387295246124, -0.5476903915405273, -0.802553653717041, -0.6916301846504211, -0.8385649919509888, -0.33642205595970154, -0.4954552948474884, -0.4918632209300995, 0.280819296836853, -0.4071342647075653, -0.2900107800960541, -0.4347657561302185, -0.7338371276855469, -0.8418464660644531, -0.5672717690467834, 0.6201857328414917, 0.628126859664917, 0.18181508779525757, -1.3931889533996582, -0.10054826736450195, 0.6450220346450806, -0.10149550437927246, -0.04939068481326103, 0.1492120772600174, 0.4268012046813965, 2.330395460128784, 1.754798173904419, -0.2259301394224167, -0.25649115443229675, 1.7711197137832642, 0.9237241744995117, -0.3297916352748871, -0.7288590669631958, -0.996210515499115, 1.0755561590194702, 0.8672041893005371, -0.6352607607841492, -0.180516317486763, -0.18697531521320343, 0.444961279630661, 0.6266223192214966, -5.808858394622803, -1.9138520956039429, -0.1422482132911682, -0.22974057495594025, -0.07284756749868393, -0.022109655663371086, -0.1869848668575287, -0.18897679448127747, -0.008320816792547703, 0.07301229238510132, -0.16662141680717468, -0.12768587470054626, -0.027900055050849915, 0.02635982073843479, -0.2995787262916565, -0.24669425189495087, -0.09695913642644882, 0.023182647302746773, 0.042320482432842255, 0.020690998062491417, -0.21108978986740112, -0.09138020873069763, -0.05540655925869942, -0.018003420904278755, 0.02467324398458004, -0.39334097504615784, 0.528603732585907, -0.40549594163894653, 0.489023894071579, -0.6720665693283081, -0.3804667890071869, -0.20310580730438232, -0.33439627289772034, -0.544026255607605, 0.19410662353038788, 4.323493957519531, -1.4130617380142212, 0.0, -0.38999998569488525, 0.47999998927116394, -0.22206895053386688, -0.6671021580696106, 0.6765443682670593, 0.2189696580171585, -0.05579045042395592, -0.5703099966049194, -0.2688637971878052, -0.7741743922233582, -2.9644696041941643e-05, -0.43481066823005676, 0.5448012351989746, 0.036995574831962585, -0.2693604528903961, 0.9544070959091187, -0.12322011590003967, -0.11555474251508713, -0.2838444113731384, -0.8804678916931152, 4.4905524253845215, 0.4659923315048218, -0.3944500684738159, 0.012303042225539684, -0.4452039897441864, 0.5340772271156311, 0.004302880261093378, -0.28087180852890015, 0.9594622850418091, -0.0229039266705513, -0.1986309289932251, 0.17248649895191193, -0.6267411708831787, -15.647592544555664, -0.05657132714986801, -1.801496148109436, 0.055872056633234024, -0.4402281641960144, 0.5173612833023071, 0.0522921085357666, -0.23480477929115295, 0.9517272114753723, -0.19065000116825104, -0.15831167995929718, -0.054038189351558685, -0.9642843008041382, -4.365653991699219, -3.6000945568084717, 0.38749733567237854, 0.04680749028921127, -0.4178430736064911, 0.5492403507232666, -0.08919806778430939, 0.015229087322950363, 0.9952634572982788, -0.035528045147657394, 0.2642833888530731, -0.6419392824172974, -1.155186414718628, 2.2778656482696533, 2.756429672241211, 1.669667363166809, -0.07146884500980377, -0.37288931012153625, 0.49700504541397095, -0.4666967988014221, -0.5355467796325684, 0.7015372514724731, -0.0568247027695179, -0.10147795081138611, 0.04076853394508362, -0.7927058935165405, 9.173572540283203, -4.472390174865723, -3.244905710220337, -0.9641549587249756, 1.1334484815597534, -0.3303999900817871, -0.005107927601784468, -0.001884946133941412, 0.00441658915951848, -1.2200047969818115, -0.5127468109130859, -0.44052428007125854, 0.06532108783721924, -0.004229406826198101, 0.004480051342397928, -0.9485101103782654, 0.03688999265432358, -0.3880290389060974, 0.026913173496723175, -0.0005979532143101096, 0.0035384248476475477, -1.412914752960205, -0.7520283460617065, -0.6333267092704773, 0.03104005753993988, -0.0028846017085015774, 0.013284544460475445, -0.8160961866378784, 1.166016936302185, -0.04224785044789314, -0.004208113066852093, -0.004945881199091673, -0.006459106225520372, -0.17392899096012115, -1.0, -1.0, 0.3346335291862488, -0.8896100521087646, 1.0, -0.29324227571487427, 1.0, -1.0, -1.0, 0.7644386887550354, -1.0, -0.9641855955123901, -1.0, 0.4662666618824005, -1.0, -1.0, -1.0, 1.0, 1.0]
[0.05117011442780495, 0.11480958759784698, -0.3125288784503937, -0.027192087844014168, -0.8003057837486267, -0.8309162259101868, 0.3516424596309662, -0.43739306926727295, -0.3098292648792267, -0.5480879545211792, -0.7330062985420227, -0.8705224990844727, -0.21309803426265717, -0.3542402386665344, -0.5972723960876465, 0.10186275839805603, -0.4081032872200012, -0.13267925381660461, -0.2986968159675598, -0.7791858911514282, -0.86888587474823, -0.6178969740867615, 0.6885040998458862, 0.6908285617828369, -0.1419961005449295, -0.7077941298484802, -0.21458034217357635, 0.6112975478172302, 0.8520602583885193, 0.1631385087966919, 0.16020339727401733, -0.7269683480262756, 1.858623743057251, 2.5653586387634277, -0.1557445377111435, -0.283591091632843, 0.8144235610961914, 1.4042634963989258, -0.5132852792739868, -0.7533160448074341, 0.5651694536209106, 1.6759462356567383, 1.6598824262619019, -0.519845187664032, -0.1894107609987259, -0.08670759946107864, 0.3997555673122406, 0.550693929195404, -6.88320255279541, 9.607139587402344, -0.2818520963191986, 0.7293516397476196, 0.3623698651790619, 0.14295326173305511, -0.20504704117774963, -0.029237963259220123, -0.18948304653167725, -0.0803358256816864, -0.251308798789978, 0.5625975728034973, 0.09721454232931137, 0.015992555767297745, 0.5953273773193359, -0.2503030002117157, 0.8883737921714783, 0.3465974032878876, 0.14105884730815887, -0.03417261317372322, 0.0998600646853447, 0.06258493661880493, -0.2140393853187561, -0.071405328810215, 0.02211257815361023, -0.3974994421005249, 0.5183039307594299, -0.5017016530036926, 0.44635722041130066, -0.5618129968643188, -0.48314255475997925, 0.13883815705776215, 0.10014134645462036, -0.5253068804740906, -0.13738755881786346, 7.637182712554932, -1.1211837530136108, 0.0, -0.38999998569488525, 0.47999998927116394, -0.22206895053386688, -0.6671021580696106, 0.6765443682670593, 0.2189696580171585, -0.14434219896793365, -0.6887514591217041, -0.22996097803115845, -0.6722384691238403, 0.000624863663688302, -0.4362514019012451, 0.5358321666717529, 0.03451379016041756, -0.27086859941482544, 0.9533393383026123, -0.1287752389907837, 0.13501878082752228, 0.15020805597305298, -0.25670263171195984, -4.35841178894043, -1.5670679807662964, 1.7607686519622803, 0.012276708148419857, -0.44489169120788574, 0.5244705677032471, 0.0045935665257275105, -0.13346560299396515, 0.9908896088600159, -0.017423907294869423, 0.11109746247529984, 0.17143182456493378, -0.5678573250770569, -14.987425804138184, 0.04808197543025017, 0.0421886146068573, 0.056899845600128174, -0.44049301743507385, 0.505345344543457, 0.03429152071475983, -0.1852327138185501, 0.9609453678131104, -0.20272360742092133, 0.126806378364563, 0.13460387289524078, -0.5339428186416626, -5.360725402832031, -3.373037815093994, 1.3565956354141235, 0.05246300995349884, -0.41976431012153625, 0.5379651784896851, -0.07076738774776459, 0.0833403468132019, 0.9924429655075073, -0.055707573890686035, 0.39253249764442444, 0.39121758937835693, -0.42022183537483215, -15.09991455078125, 0.7952098250389099, 1.8654223680496216, -0.07057840377092361, -0.3732891380786896, 0.4892804026603699, -0.5038477182388306, -0.5637266635894775, 0.6535407304763794, -0.03512871637940407, 0.1082954853773117, -0.0010403930209577084, -0.4772648513317108, 5.651946067810059, -3.840439558029175, -1.7702300548553467, -1.9447379112243652, -4.916559219360352, 2.4048469066619873, 0.06920487433671951, -0.010434837080538273, 0.012490687891840935, -1.290766954421997, 2.075442314147949, 0.7468999028205872, -0.04920419305562973, -0.0008941429550759494, 0.007743115536868572, -1.5326943397521973, -1.0877294540405273, 2.530776262283325, -0.0003233866300433874, -0.007165603339672089, 0.0037272213958203793, -1.5725398063659668, -3.8568572998046875, 4.237472057342529, 0.08320598304271698, 0.0006459098076447845, 0.009729603305459023, -3.232820987701416, -0.8377594947814941, -0.3988983929157257, 0.006193296983838081, -0.01968020386993885, 0.01082018855959177, -1.0, 0.6472122669219971, -1.0, 0.11468329280614853, -0.24073120951652527, 1.0, -0.6835479140281677, 1.0, -1.0, -1.0, 0.10054482519626617, -1.0, -1.0, 0.332669734954834, 1.0, -1.0, -1.0, -0.7249639630317688, 1.0, 1.0]
[-0.015481903217732906, 0.0780227780342102, -0.37059634923934937, 0.00016746969777159393, -0.6775080561637878, -0.8009909987449646, 0.3295994997024536, -0.4898558259010315, -0.12873579561710358, -0.29798150062561035, -0.7672125101089478, -0.8998228311538696, -0.19686651229858398, -0.25472286343574524, -0.7048516273498535, -0.03609851002693176, -0.32602596282958984, 0.044616829603910446, -0.0974263921380043, -0.8165141940116882, -0.8950566053390503, -0.6312136054039001, 0.7475481033325195, 0.7444762587547302, -0.3310103714466095, -0.0038834877777844667, -0.2254321128129959, 0.129347026348114, 1.3147668838500977, 0.3516363501548767, -0.3599938452243805, -0.3692503869533539, 1.4296129941940308, 2.0016613006591797, -0.1373237669467926, -0.2455604076385498, -0.19769054651260376, 0.39399465918540955, -0.44740018248558044, -0.47106343507766724, 0.8858166933059692, 1.6249055862426758, 1.9949499368667603, -0.428891658782959, -0.17567437887191772, 0.0003082614566665143, 0.338247686624527, 0.4639580249786377, -4.71762752532959, 10.093345642089844, -0.1463886946439743, 0.348426878452301, 0.12653163075447083, 0.046288080513477325, -0.2430397868156433, 0.7039015293121338, 0.16093921661376953, 0.0116480253636837, -0.17472313344478607, 0.5918606519699097, 0.10346116125583649, -0.030700810253620148, 0.811015248298645, -0.10753686726093292, 0.6158181428909302, 0.15000125765800476, 0.03807433694601059, -0.040107063949108124, 0.1781960129737854, 0.09720351547002792, -0.19945156574249268, -0.06797924637794495, 0.02716737426817417, -0.3971627354621887, 0.510104775428772, -0.6641508936882019, 0.22562161087989807, -0.30834609270095825, -0.642589271068573, 0.4029592275619507, 0.06127281114459038, -0.4375945031642914, -0.6804541945457458, 12.332571029663086, -0.5782408118247986, 0.0, -0.38999998569488525, 0.47999998927116394, -0.22206895053386688, -0.6671021580696106, 0.6765443682670593, 0.2189696580171585, -0.23507271707057953, -0.897070050239563, -0.1259383112192154, -0.35234272480010986, 0.004573480691760778, -0.4340280592441559, 0.5351909399032593, 0.029401276260614395, -0.21293842792510986, 0.9649043083190918, -0.15083903074264526, 0.27110129594802856, 0.30297285318374634, 0.18093304336071014, -8.536535263061523, -2.7497432231903076, 2.7017898559570312, 0.016685010865330696, -0.44384175539016724, 0.520767331123352, 0.0032093680929392576, 0.004066586494445801, 0.9994655847549438, -0.03227308765053749, 0.3891284763813019, 0.3536343276500702, -0.01316418219357729, -15.245389938354492, -1.0848979949951172, 3.577833652496338, 0.06159398332238197, -0.43939417600631714, 0.5006840825080872, 0.02919464185833931, -0.16279099881649017, 0.9614498019218445, -0.2196837216615677, 0.36924049258232117, 0.09380455315113068, -0.10353401303291321, 0.27831923961639404, 0.011956647038459778, 2.325054168701172, 0.058850400149822235, -0.41392895579338074, 0.536703884601593, -0.06905948370695114, 0.24031715095043182, 0.9649211764335632, -0.08003467321395874, 0.3327116072177887, 0.7539288401603699, -0.028637923300266266, -21.306020736694336, -2.205761194229126, 2.0009970664978027, -0.06748141348361969, -0.3746284544467926, 0.4859462082386017, -0.5293952822685242, -0.575890839099884, 0.6221070289611816, -0.03275959566235542, 0.23677434027194977, -0.08938909322023392, -0.15130718052387238, 1.8838424682617188, -3.42069673538208, -0.5668611526489258, -1.0703877210617065, -1.766279697418213, 2.121065855026245, 0.01979389227926731, -0.004904591478407383, 0.0038369144313037395, -1.3538432121276855, -1.1105619668960571, 3.443486213684082, -0.0050104036927223206, 0.001132611883804202, 0.015409170649945736, -1.1138851642608643, -0.31509146094322205, 2.85151743888855, -0.03542718291282654, -0.006755929905921221, 0.002639684360474348, -0.6740944981575012, -0.688828706741333, 3.3609583377838135, 0.02774190902709961, 0.0025168273132294416, -5.787471673102118e-05, -3.02714467048645, -1.2219443321228027, -0.5364892482757568, 0.0069156186655163765, -0.019544940441846848, 0.012474965304136276, -1.0, 1.0, -1.0, -0.15734396874904633, 0.08885816484689713, 0.34167224168777466, -0.38072365522384644, 1.0, -1.0, -1.0, -0.4830734431743622, -1.0, -0.5859342813491821, 0.32844436168670654, 1.0, -1.0, -1.0, -0.5366008877754211, 1.0, 1.0]
[-0.11847825348377228, 0.11170361936092377, -0.4477071762084961, -0.009881319478154182, -0.5340877771377563, -0.7300599813461304, 0.2624465227127075, -0.5173592567443848, -0.0034317250829190016, -0.115018829703331, -0.7989650368690491, -0.9226370453834534, -0.2650590240955353, -0.2514210343360901, -0.7777387499809265, -0.03875445947051048, -0.3051701784133911, 0.20780107378959656, 0.10732698440551758, -0.8475403785705566, -0.9173795580863953, -0.578941285610199, 0.7957273125648499, 0.7890749573707581, -0.4259105622768402, 0.3899560868740082, -0.32402437925338745, -0.23548105359077454, 1.3334543704986572, 1.0826841592788696, -0.34149086475372314, -0.1139785423874855, 0.9419388771057129, 1.3768384456634521, -0.13059310615062714, -0.18754681944847107, -0.8546277284622192, -0.17321942746639252, -0.27490997314453125, 0.23551419377326965, -0.17651855945587158, 1.4379414319992065, 1.824543833732605, -0.35765764117240906, -0.1458888202905655, 0.19765430688858032, 0.27047741413116455, 0.38282716274261475, -2.4853200912475586, 4.3122076988220215, -0.06581781059503555, 0.023562803864479065, -0.029375264421105385, 0.02134888991713524, -0.08212156593799591, 0.43037742376327515, 0.11317113041877747, 0.0053875339217484, -0.08607939630746841, 0.26973971724510193, 0.04147105664014816, -0.009916381910443306, 0.430586040019989, 0.04681704565882683, 0.03181101754307747, -0.06054043769836426, -0.040396712720394135, -0.015580730512738228, 0.0785713642835617, 0.0642537847161293, -0.0961655005812645, -0.03491431102156639, 0.03732766583561897, -0.39590486884117126, 0.5047851800918579, -0.7129164934158325, -0.11629220098257065, 0.02647990733385086, -0.6910317540168762, 0.7288734912872314, 0.13594147562980652, -0.12890803813934326, 0.23081932961940765, 5.527461051940918, 0.3109618127346039, 0.0, -0.38999998569488525, 0.47999998927116394, -0.22206895053386688, -0.6671021580696106, 0.6765443682670593, 0.2189696580171585, -0.24855172634124756, -0.9628925323486328, 0.023548666387796402, 0.10249526053667068, 0.010526224039494991, -0.43056362867355347, 0.5390594601631165, 0.020159944891929626, -0.12447062879800797, 0.9752134084701538, -0.18182198703289032, 0.33351588249206543, 0.4001609683036804, 0.34405744075775146, -12.088757514953613, -4.341247081756592, 3.6745715141296387, 0.023697763681411743, -0.44108325242996216, 0.5238137245178223, -0.00570649653673172, 0.12367553263902664, 0.9905006885528564, -0.05983462557196617, 0.4214332401752472, 0.39302051067352295, 0.27236562967300415, -12.839561462402344, -1.8238646984100342, 3.8743064403533936, 0.06860929727554321, -0.4376838803291321, 0.5015941262245178, 0.04101279750466347, -0.18515409529209137, 0.9522417187690735, -0.2393147051334381, 0.5048182010650635, 0.07832040637731552, 0.13648384809494019, 3.4783713817596436, 2.400468587875366, 2.8572733402252197, 0.06420982629060745, -0.40767189860343933, 0.5387080907821655, -0.07652440667152405, 0.38582655787467957, 0.91507488489151, -0.08899324387311935, 0.2659418284893036, 0.49342745542526245, -0.04847130551934242, -16.273635864257812, -2.6528100967407227, -0.04588345065712929, -0.06321263313293457, -0.3766733407974243, 0.48615598678588867, -0.5474621057510376, -0.5742779970169067, 0.6070435047149658, -0.04458896443247795, 0.2828443944454193, -0.13321180641651154, 0.06249089166522026, -0.7817851901054382, -2.881375551223755, -0.22829104959964752, -0.4548620879650116, -0.05636216700077057, 0.7230406403541565, 0.02050345577299595, -0.0016618045046925545, 0.0006802455172874033, -0.44726938009262085, -0.3999359607696533, 2.1752750873565674, -0.0006115058204159141, 0.0013641080586239696, 0.0029966123402118683, -0.5572910308837891, -0.15702979266643524, 1.2450051307678223, -0.012271828018128872, -0.0030919844284653664, 0.0014446456916630268, 0.15906699001789093, 1.1018431186676025, 0.03317369893193245, -0.023869063705205917, -0.003946330863982439, -0.010174920782446861, -1.4828640222549438, -0.7381948828697205, -0.3030683398246765, 0.0060597974807024, -0.011188492178916931, 0.00517082866281271, -1.0, 0.7016486525535583, -1.0, -0.2853730320930481, 0.18888264894485474, 0.13691265881061554, -0.3988465666770935, 0.706638753414154, -1.0, -1.0, -0.8774920105934143, -1.0, 0.5748681426048279, -0.6059466600418091, 1.0, -1.0, -1.0, 0.026639588177204132, 1.0, 1.0]
[-0.16264396905899048, 0.10411465167999268, -0.5162164568901062, 0.004983039572834969, -0.3872273564338684, -0.5774023532867432, 0.23925639688968658, -0.45851317048072815, 0.009886176325380802, -0.023717109113931656, -0.8431331515312195, -0.9324141144752502, -0.36750128865242004, -0.27897909283638, -0.8062968850135803, 0.0649835392832756, -0.3647526502609253, 0.3486718535423279, 0.28456759452819824, -0.8743594884872437, -0.9357354640960693, -0.46084481477737427, 0.8280590772628784, 0.8245355486869812, 0.03269730508327484, -0.3445192277431488, -0.28625065088272095, 0.3398105800151825, 1.3513402938842773, 1.6523780822753906, 0.13904504477977753, 0.8659084439277649, -0.19775927066802979, 0.36698296666145325, -0.20284679532051086, -0.04482342302799225, -0.997736930847168, -0.3081534802913666, -0.08163611590862274, 0.5339818000793457, -0.7653788924217224, 1.2205443382263184, 1.533440113067627, -0.3134785294532776, -0.12487269937992096, 0.3376137614250183, 0.16796796023845673, 0.30010566115379333, 11.316667556762695, -9.577933311462402, 0.2473600208759308, -0.22264979779720306, -0.0560314804315567, -0.0002991745714098215, 0.4866178631782532, -0.32358771562576294, -0.0813741385936737, -0.04883398860692978, 0.4287871718406677, -0.5414321422576904, -0.16189613938331604, -0.04359359294176102, -0.5083063244819641, 0.3060712516307831, -0.5100536346435547, -0.14149653911590576, -0.039804983884096146, 0.09328597038984299, 0.10591947287321091, 0.06601861864328384, 0.2474161833524704, 0.0745370164513588, 0.04699081555008888, -0.39517155289649963, 0.5045756101608276, -0.6129209399223328, -0.4347783029079437, 0.30717143416404724, -0.5839018821716309, 0.503696620464325, -0.000522468239068985, -0.052556633949279785, -0.7554555535316467, 13.109268188476562, 1.4861984252929688, 0.0, -0.38999998569488525, 0.47999998927116394, -0.22206895053386688, -0.6671021580696106, 0.6765443682670593, 0.2189696580171585, -0.17464549839496613, -0.8311803936958313, 0.14996667206287384, 0.5061106085777283, 0.012633104808628559, -0.4272248148918152, 0.5400804281234741, -0.002726893639191985, -0.0057271746918559074, 0.9794778823852539, -0.2014518678188324, -0.15465183556079865, 0.3733111321926117, -0.10587627440690994, -13.65888500213623, -6.292912483215332, 1.1677558422088623, 0.0264367014169693, -0.4388206899166107, 0.5256561040878296, -0.011397517286241055, 0.18464189767837524, 0.9802323579788208, -0.07015562057495117, -0.07855505496263504, 0.12730024755001068, -0.06983008980751038, -3.435173988342285, -0.42385226488113403, -0.8457831144332886, 0.0726122036576271, -0.4372676610946655, 0.4986743927001953, 0.057186003774404526, -0.23848147690296173, 0.9365305304527283, -0.25053292512893677, 0.12199347466230392, -0.14785362780094147, -0.4534023702144623, 7.536783218383789, 3.725224733352661, 0.9155975580215454, 0.06548091024160385, -0.4069349467754364, 0.535621702671051, -0.07530741393566132, 0.4721914231777191, 0.8751880526542664, -0.07355202734470367, -0.04308035597205162, -0.07767816632986069, -0.5029992461204529, -7.720681190490723, -1.2625060081481934, -3.414072275161743, -0.06144315004348755, -0.3773457109928131, 0.4852173626422882, -0.565089762210846, -0.5702850222587585, 0.5946671366691589, -0.042654626071453094, -0.04265665262937546, 0.060690853744745255, -0.18517476320266724, 1.9347949028015137, -1.3943915367126465, -2.485219717025757, 2.1610827445983887, 0.10276259481906891, -2.362102508544922, 0.0012422631261870265, 0.00490804947912693, -0.00958862341940403, 2.950911521911621, 0.24513140320777893, -2.4248781204223633, -0.045157019048929214, -0.01232868991792202, -0.028703909367322922, 2.499488353729248, 1.5168383121490479, -2.893874406814575, -0.020841015502810478, 0.010035300627350807, -0.0077035315334796906, 2.256014823913574, -0.307197630405426, -3.2209393978118896, -0.044412944465875626, -0.013081841170787811, -0.013615124858915806, 3.659785747528076, -1.0155471563339233, 1.1279841661453247, 0.007205570582300425, 0.015980446711182594, -0.01320608053356409, 1.0, -0.7249256372451782, -0.8759257197380066, 0.29201826453208923, 0.38304823637008667, 0.9478055834770203, 0.16451966762542725, -0.2237509936094284, -1.0, -1.0, -1.0, -1.0, 1.0, -1.0, 1.0, -1.0, -1.0, 0.427385151386261, 1.0, 1.0]
[-0.12305369228124619, 0.008792413398623466, -0.5396881699562073, 0.09554765373468399, -0.20321716368198395, -0.38651618361473083, 0.28936928510665894, -0.32395318150520325, 0.060745593160390854, -2.6937808797811158e-05, -0.7250443696975708, -0.9374333620071411, -0.4198545515537262, -0.304964154958725, -0.8210834860801697, 0.05568905547261238, -0.45015275478363037, 0.45823225378990173, 0.4289412200450897, -0.8970407843589783, -0.9497321844100952, -0.29472047090530396, 0.8517705202102661, 0.853301465511322, 0.2720390260219574, -0.8744850158691406, -0.0008900716784410179, 1.1864444017410278, 1.884555697441101, 1.9750261306762695, 0.14696529507637024, 1.3653368949890137, 0.8281347155570984, 0.35059604048728943, 0.8517627120018005, -0.05114143714308739, -0.21535015106201172, -0.15577928721904755, -0.05709761381149292, -0.2863428294658661, -0.8127430081367493, 0.8984877467155457, 1.197583556175232, -0.2593725919723511, -0.09419991821050644, 0.4417458176612854, 0.13862428069114685, 0.24868014454841614, 7.148568630218506, -5.069382190704346, 0.1799984872341156, 0.13563992083072662, 0.10783006250858307, 0.05690851807594299, 0.13373376429080963, -0.2603989541530609, 0.011296749114990234, 0.03410876542329788, 0.5484818816184998, -0.3191746473312378, -0.04323170334100723, 0.00519768288359046, -0.3111039996147156, 0.05737236142158508, -0.2424895465373993, -0.06872867047786713, -0.025192473083734512, 0.056533120572566986, 0.0876755639910698, 0.04980085417628288, 0.1474299430847168, 0.04431545361876488, 0.046145085245370865, -0.3985494375228882, 0.502083420753479, -0.4179003834724426, -0.6539128422737122, 0.48072904348373413, -0.408236026763916, -0.0924132838845253, -0.262072890996933, -0.23033885657787323, -0.4988775849342346, 10.364567756652832, 1.9181963205337524, 0.0, -0.38999998569488525, 0.47999998927116394, -0.22206895053386688, -0.6671021580696106, 0.6765443682670593, 0.2189696580171585, -0.060458406805992126, -0.5914952754974365, 0.24788637459278107, 0.7648727297782898, 0.008440176025032997, -0.4231205880641937, 0.5362598896026611, -0.03872428461909294, 0.14460748434066772, 0.9692337512969971, -0.19538383185863495, -0.538962185382843, 0.5755499005317688, -0.3881570100784302, -18.90505027770996, -9.029157638549805, -1.7849847078323364, 0.023151841014623642, -0.4358610510826111, 0.5228786468505859, -0.00854536984115839, 0.23766843974590302, 0.9696992635726929, -0.055892832577228546, -0.27754753828048706, 0.3225972056388855, -0.3358827531337738, -8.385932922363281, -0.4336850941181183, -1.9778841733932495, 0.06822013854980469, -0.4400627613067627, 0.48840123414993286, 0.058361347764730453, -0.2977617084980011, 0.9263372421264648, -0.22322891652584076, -0.5094543099403381, -0.33432385325431824, -0.8065944910049438, 6.092083930969238, 2.215865135192871, -5.540340423583984, 0.06477750092744827, -0.4107902944087982, 0.5252436995506287, -0.07219833880662918, 0.5044595003128052, 0.8577994704246521, -0.06699293851852417, -0.08169295638799667, -0.2797984182834625, -0.7803136706352234, -1.9921469688415527, -0.03312511369585991, -0.26438072323799133, -0.06322717666625977, -0.37590497732162476, 0.4810495376586914, -0.5847488641738892, -0.5695830583572388, 0.5774526000022888, -0.01386465784162283, -0.23078298568725586, 0.20268723368644714, -0.3571378290653229, 4.001735210418701, -0.14969462156295776, -4.0169243812561035, 1.5039485692977905, -1.7881109714508057, -0.40371400117874146, 0.030086856335401535, 0.00011754451406886801, -0.012701904401183128, 0.9767012596130371, -0.9620433449745178, -1.3435804843902588, 0.01967811770737171, -0.0005889994790777564, 0.00010260231647407636, 3.0589852333068848, 0.3529508411884308, -1.4047390222549438, 0.010491943918168545, 0.01614564284682274, -0.02213713899254799, 0.8104821443557739, -0.29672351479530334, -1.5152201652526855, -0.02964332513511181, 0.004789962898939848, 0.002773888176307082, 2.16190242767334, -0.8043777346611023, 0.7335191369056702, 0.005280100274831057, 0.009725010953843594, -0.007552646100521088, 1.0, -1.0, -0.29894396662712097, 0.7062734365463257, 1.0, 1.0, 0.7941707372665405, 0.7332522869110107, 1.0, -1.0, -0.41714540123939514, -1.0, -0.573276698589325, -1.0, 0.9156675934791565, -1.0, -1.0, 0.7894622683525085, 1.0, 1.0]
[-0.028462639078497887, -0.12715783715248108, -0.510171115398407, 0.18481454253196716, -0.006119511555880308, -0.16197757422924042, 0.3134613633155823, -0.18885187804698944, 0.18168087303638458, 0.08511027693748474, -0.5062744617462158, -0.9504848122596741, -0.3615362048149109, -0.30351945757865906, -0.8381125926971436, -0.06552774459123611, -0.5351133942604065, 0.5475346446037292, 0.5401642918586731, -0.9155269861221313, -0.9616786241531372, -0.10705745965242386, 0.8729336261749268, 0.8774837255477905, 0.4204970896244049, -1.0088714361190796, 0.17886410653591156, 0.665766716003418, 1.7793724536895752, 2.1647799015045166, 0.062133271247148514, 1.149507761001587, 1.272221326828003, 1.2042404413223267, 0.9503702521324158, -0.1380309909582138, 0.9405903220176697, 0.1766422539949417, -0.10227079689502716, -0.6082512736320496, -0.7730607986450195, 0.7857158184051514, 0.9483195543289185, -0.2092970609664917, -0.07893439382314682, 0.47165560722351074, 0.1297614425420761, 0.21095256507396698, 3.641904592514038, -0.8555890321731567, 0.07387083023786545, -0.08608265221118927, -0.05723397433757782, -0.020859206095337868, 0.07158923894166946, -0.1368977427482605, -0.02408835105597973, 0.027702249586582184, 0.15100723505020142, -0.07396907359361649, 0.05218708887696266, 0.03909439221024513, -0.05848493427038193, 0.03710595518350601, -0.044903308153152466, -0.016681354492902756, -0.01042883936315775, 0.018943384289741516, 0.07879670709371567, 0.03872606158256531, 0.050265200436115265, 0.014015319757163525, 0.040313635021448135, -0.40201833844184875, 0.49802789092063904, -0.1382618099451065, -0.7809867858886719, 0.5882539749145508, -0.15779884159564972, -0.49464666843414307, -0.16206446290016174, -0.23390789330005646, -0.4054621756076813, 9.240184783935547, 1.4531207084655762, 0.0, -0.38999998569488525, 0.47999998927116394, -0.22206895053386688, -0.6671021580696106, 0.6765443682670593, 0.2189696580171585, 0.07062935084104538, -0.2391875982284546, 0.3167658746242523, 0.9151283502578735, 0.000993036199361086, -0.4195547103881836, 0.5287373661994934, -0.06940104067325592, 0.2982077896595001, 0.9375587701797485, -0.16504232585430145, -0.5324041247367859, 0.3927748203277588, -0.6884207725524902, -16.63140869140625, -7.054376125335693, -3.729067325592041, 0.017425598576664925, -0.4319480061531067, 0.5167521834373474, -0.0031957142055034637, 0.3279261291027069, 0.9438925385475159, -0.0389997661113739, -0.36727336049079895, 0.39894869923591614, -0.5502099990844727, -13.127334594726562, -0.421775758266449, -2.0637385845184326, 0.05775360390543938, -0.44299715757369995, 0.4756682813167572, 0.04298197105526924, -0.3217378854751587, 0.9298748970031738, -0.17311817407608032, -0.7820918560028076, -0.15249668061733246, -0.7607076168060303, 0.26758795976638794, -0.09053564071655273, -6.935488700866699, 0.0628439337015152, -0.41541120409965515, 0.511353075504303, -0.07397796958684921, 0.5078619718551636, 0.8553371429443359, -0.07072337716817856, -0.16336695849895477, -0.2593242824077606, -0.8681023716926575, 0.38274115324020386, 0.014834249392151833, 0.7203558087348938, -0.06727254390716553, -0.3726457357406616, 0.4754810631275177, -0.6050004959106445, -0.5677047967910767, 0.5574897527694702, 0.029846610501408577, -0.3305504322052002, 0.3190057873725891, -0.3801319897174835, 4.495452404022217, 0.381488174200058, -4.81882381439209, 0.6235127449035645, 0.41643673181533813, -0.7646162509918213, -0.014612657018005848, -0.002866125665605068, -0.00575882475823164, 0.5278483033180237, -0.4343664050102234, -0.7576847672462463, 0.02118675224483013, -0.0003435986291151494, -0.0008220718009397388, 0.835163950920105, -0.7009916305541992, -0.08322373777627945, 0.02857952192425728, 0.0031103254295885563, -0.0035258641000837088, 0.3834860920906067, 0.026540860533714294, -0.30702531337738037, -0.01003072690218687, 0.0009577606106176972, 0.001167702954262495, 0.7169268131256104, -0.643770158290863, 0.29625141620635986, 0.0031398131977766752, 0.002544490620493889, -0.0016466244123876095, 1.0, -1.0, -0.12103769928216934, 0.326205849647522, 1.0, 0.5547143220901489, 0.5760791301727295, 1.0, 1.0, -1.0, 0.42242318391799927, -1.0, -1.0, -1.0, 0.9850642681121826, -1.0, -1.0, 1.0, 1.0, 1.0]
[0.095062255859375, -0.21552450954914093, -0.41768744587898254, 0.25740548968315125, 0.16720464825630188, 0.056648921221494675, 0.3177540600299835, -0.03899790346622467, 0.31312593817710876, 0.23652178049087524, -0.2816874086856842, -0.884827196598053, -0.20720387995243073, -0.2687849998474121, -0.8784303665161133, -0.21153102815151215, -0.6159855723381042, 0.6243280172348022, 0.6331341862678528, -0.9301340579986572, -0.9739330410957336, 0.0674300342798233, 0.8948267102241516, 0.8984480500221252, 0.4939247667789459, -0.34870535135269165, 0.4879179894924164, 0.6717873215675354, 1.5077747106552124, 1.9267085790634155, 0.0005997398984618485, 1.5340417623519897, 1.1887500286102295, 1.506464958190918, 0.9174630045890808, 1.0102643966674805, 1.6904098987579346, 0.4628917872905731, -0.22286780178546906, -0.5935797691345215, -0.7268503308296204, 0.670455813407898, 0.8200740218162537, -0.1644575148820877, -0.08576520532369614, 0.4086865484714508, 0.13742667436599731, 0.18424443900585175, 1.8292325735092163, 9.015822410583496, 0.04039518162608147, 0.3757569193840027, 0.03201967850327492, -0.017897386103868484, 0.037383679300546646, 0.47374969720840454, 0.06655336171388626, 0.004642612766474485, 0.050970934331417084, 0.8607712388038635, 0.33898258209228516, 0.1164117306470871, 0.7264909744262695, 0.021405862644314766, 0.3696797490119934, 0.03004993312060833, -0.01615418680012226, -0.029565060511231422, 0.25300535559654236, 0.10592383146286011, -0.12394440174102783, -0.040112681686878204, 0.03050597943365574, -0.4038063883781433, 0.4936341941356659, 0.023996587842702866, -0.8033557534217834, 0.5946809649467468, 0.019956516101956367, -0.6471085548400879, -0.05587027594447136, -0.1627860963344574, 0.14748062193393707, 2.275704860687256, -0.4971427619457245, 0.0, -0.38999998569488525, 0.47999998927116394, -0.22206895053386688, -0.6671021580696106, 0.6765443682670593, 0.2189696580171585, 0.1564790904521942, -0.01430252194404602, 0.31112414598464966, 0.9372894167900085, -0.007718175183981657, -0.415284126996994, 0.523876965045929, -0.0790322870016098, 0.44326701760292053, 0.8847960233688354, -0.12001772224903107, -0.5173105597496033, 0.4981864094734192, -0.356772243976593, -18.0507755279541, -5.0216498374938965, -5.576717853546143, 0.010549178346991539, -0.425845742225647, 0.5146867036819458, 0.002887164708226919, 0.45999887585639954, 0.8876388072967529, -0.022137979045510292, -0.4082537591457367, 0.6212019324302673, -0.15663346648216248, -19.397485733032227, -0.5675854682922363, -1.9120324850082397, 0.04486518353223801, -0.4443601965904236, 0.4733841121196747, 0.01964207924902439, -0.2539075016975403, 0.9597092866897583, -0.11875659227371216, -0.8870616555213928, 0.11871939152479172, 0.3597734570503235, -13.754231452941895, -2.660961151123047, -7.3276519775390625, 0.05966949835419655, -0.4187636971473694, 0.5005089044570923, -0.07643810659646988, 0.5120174884796143, 0.8522446751594543, -0.0753275528550148, -0.23270964622497559, -0.14189279079437256, -0.491375207901001, -1.5260238647460938, -0.23916147649288177, 0.43755272030830383, -0.07214631140232086, -0.3686734139919281, 0.47191956639289856, -0.6265223026275635, -0.5555633306503296, 0.5425800085067749, 0.06652775406837463, -0.33693739771842957, 0.3074018061161041, -0.12955445051193237, 1.4669581651687622, -0.17182449996471405, -4.863574981689453, 0.0329170823097229, 1.313075304031372, 2.1432554721832275, 0.0017987429164350033, -0.007146533578634262, -0.0012083386536687613, 0.3612480163574219, 1.319535732269287, 2.494547128677368, 0.02443564683198929, 0.001276630675420165, -0.0021674744784832, 0.1220509335398674, -3.631463050842285, 4.092080116271973, 0.0619397833943367, -0.0022178704384714365, -0.0008808595011942089, 0.05654289945960045, 2.0043416023254395, 1.4337661266326904, 0.013910936191678047, -0.002764984965324402, 0.0017488582525402308, -1.8209494352340698, -1.478546380996704, -0.503185510635376, 0.002038232982158661, -0.010977495461702347, 0.01500019896775484, 1.0, 0.10933538526296616, 0.37078097462654114, 0.6996365785598755, 1.0, 0.29671627283096313, 1.0, 1.0, 1.0, 0.1195015013217926, 1.0, -1.0, -1.0, -1.0, 1.0, -1.0, -1.0, 1.0, 1.0, 1.0]
[0.2338952124118805, -0.21280042827129364, -0.3272884488105774, 0.34923413395881653, 0.3122425079345703, 0.24123749136924744, 0.39459362626075745, 0.12336226552724838, 0.4303029775619507, 0.3877796232700348, -0.10358027368783951, -0.7456368803977966, -0.03413119167089462, -0.17550134658813477, -0.9287872314453125, -0.3438958525657654, -0.6879339814186096, 0.6890276670455933, 0.713517963886261, -0.9418622255325317, -0.9835682511329651, 0.21629619598388672, 0.9156495332717896, 0.9163826107978821, 0.5388145446777344, 0.2952144145965576, 0.3092500865459442, 0.9485068321228027, 1.2525490522384644, 1.5798845291137695, 0.553825318813324, 1.7088769674301147, 1.0203152894973755, 1.3194267749786377, 0.3832103908061981, 1.2784711122512817, 1.4377168416976929, 1.3766876459121704, -0.22849248349666595, -0.5144182443618774, -0.6267766952514648, 0.5593870878219604, 0.7011448740959167, -0.13397598266601562, -0.05499621853232384, 0.3453652262687683, 0.12328823655843735, 0.15565122663974762, 0.2538801431655884, 10.336512565612793, -0.02130987122654915, 0.4154956340789795, 0.028373712673783302, -0.022204585373401642, 0.07477138936519623, 0.6140090227127075, 0.08794843405485153, -0.006604287773370743, -0.27223581075668335, 0.5938602685928345, 0.10213790833950043, 0.053324975073337555, 0.8623740077018738, -0.00340831745415926, 0.4425531029701233, 0.03701333329081535, -0.019173914566636086, -0.035739507526159286, 0.24997523427009583, 0.10376978665590286, -0.16450589895248413, -0.05184542387723923, 0.022316979244351387, -0.4019990861415863, 0.4976258873939514, -0.03654397279024124, -0.7861788868904114, 0.6148386597633362, 0.050601739436388016, -0.31494268774986267, 0.1989569216966629, 0.46353963017463684, -1.3226324319839478, -1.7292941808700562, -2.5007941722869873, 0.0, -0.38999998569488525, 0.47999998927116394, -0.22206895053386688, -0.6671021580696106, 0.6765443682670593, 0.2189696580171585, 0.12495976686477661, -0.026579832658171654, 0.2506040632724762, 0.9596227407455444, -0.016659913584589958, -0.40815049409866333, 0.5254219174385071, -0.07305994629859924, 0.5868517756462097, 0.8026381134986877, -0.07771208882331848, -0.46994465589523315, 0.6139822602272034, -0.04666697978973389, -20.004268646240234, -3.732017755508423, -4.700207710266113, 0.0028059673495590687, -0.41745543479919434, 0.5191618204116821, 0.02252798154950142, 0.6034342646598816, 0.7970856428146362, 0.003735347418114543, -0.40125125646591187, 0.6909317970275879, 0.1315845102071762, -21.773632049560547, 1.0272666215896606, -4.742146015167236, 0.03220158442854881, -0.4438009262084961, 0.48350971937179565, 0.0025278767570853233, -0.09755569696426392, 0.9928948283195496, -0.06809039413928986, -0.690960705280304, 0.42654046416282654, 0.8544420599937439, -21.814762115478516, -2.416546106338501, -4.7020792961120605, 0.05530378222465515, -0.4211767613887787, 0.4969015121459961, -0.07725637406110764, 0.5327042937278748, 0.8392515778541565, -0.0769047811627388, -0.2933533489704132, -0.09800835698843002, -0.07094404846429825, -4.002337455749512, -0.4691685438156128, -0.12056681513786316, -0.07721677422523499, -0.36501091718673706, 0.4720282256603241, -0.6504092216491699, -0.5284944176673889, 0.5389455556869507, 0.08484791219234467, -0.335448294878006, 0.2574307322502136, 0.10790294408798218, -1.706863522529602, -0.5061619877815247, -4.803579807281494, -0.21937766671180725, 2.0518879890441895, 1.974487543106079, 0.008573734201490879, 0.0033948183991014957, 0.003890575375407934, 0.2095324546098709, 2.288013219833374, 2.79681658744812, 0.027715908363461494, -0.010014263913035393, -0.004846147261559963, -1.7557872533798218, -1.114329218864441, 2.923090934753418, 0.03661003336310387, -0.00500604510307312, 0.02582305297255516, -0.1584838330745697, 2.465954542160034, 1.5515614748001099, 0.017815405502915382, -0.002652383642271161, 0.002390164416283369, -2.3900387287139893, -1.3545525074005127, -0.7484490871429443, 0.0009144571959041059, -0.01360481046140194, 0.01744653284549713, 1.0, 0.6904388666152954, 0.016429148614406586, 1.0, 1.0, 1.0, 1.0, 1.0, 1.0, 0.5217989683151245, 1.0, -1.0, -1.0, -1.0, 1.0, -1.0, -0.982644259929657, 1.0, 1.0, 1.0]
[0.3737080991268158, -0.14739163219928741, -0.33647817373275757, 0.4434162974357605, 0.4330630600452423, 0.39234161376953125, 0.4598526358604431, 0.2614935040473938, 0.5301406979560852, 0.5140026211738586, -0.01144977007061243, -0.6653876900672913, 0.07938693463802338, -0.014564628712832928, -0.9671225547790527, -0.4556747376918793, -0.7471134066581726, 0.7429044842720032, 0.7811155319213867, -0.9515812993049622, -0.9883856773376465, 0.3440127372741699, 0.9328214526176453, 0.9312368035316467, 0.5032525062561035, 0.5601802468299866, -0.21948383748531342, 0.7937068939208984, 1.0446712970733643, 1.2999262809753418, 0.09326178580522537, 1.075567364692688, 0.866574764251709, 1.0835661888122559, 0.41469550132751465, 0.46955642104148865, 0.8456534743309021, 1.4141215085983276, -0.13367272913455963, -0.4267987906932831, -0.4967310428619385, 0.4651601314544678, 0.5825473666191101, -0.11224178224802017, -0.017262618988752365, 0.29990214109420776, 0.09543292969465256, 0.12699460983276367, -1.3260291814804077, 2.5288615226745605, -0.05174891650676727, -0.03816552460193634, -0.06169630214571953, -0.03370800241827965, -0.039718154817819595, 0.048747606575489044, -0.029812593013048172, -0.024102065712213516, -0.011467966251075268, -0.03548707813024521, -0.08903869986534119, -0.05121026933193207, 0.24926915764808655, -0.015422578901052475, 0.1605672836303711, 0.017577212303876877, -0.008120380342006683, -0.006686302833259106, 0.035982534289360046, 0.010625631548464298, -0.05748681724071503, -0.018382063135504723, 0.018470317125320435, -0.4000398516654968, 0.5039902925491333, -0.1072029396891594, -0.7420127391815186, 0.6548560857772827, 0.09533103555440903, -0.21368691325187683, 0.06010258570313454, 0.34475231170654297, -1.2653816938400269, 0.9703533053398132, -1.7367562055587769, 0.0, -0.38999998569488525, 0.47999998927116394, -0.22206895053386688, -0.6671021580696106, 0.6765443682670593, 0.2189696580171585, 0.06284451484680176, -0.02598707191646099, 0.17216064035892487, 0.9827185273170471, -0.02450367622077465, -0.39942222833633423, 0.5302444100379944, -0.06924735009670258, 0.7110830545425415, 0.6977373957633972, -0.052230577915906906, -0.3874375820159912, 0.5108184218406677, 0.007776735350489616, -18.25745391845703, -2.9775094985961914, -1.7838420867919922, -0.003936292603611946, -0.4084889888763428, 0.5261049270629883, 0.04693989455699921, 0.7233465313911438, 0.6884833574295044, 0.023599961772561073, -0.31100308895111084, 0.48319190740585327, 0.12274375557899475, -17.84307861328125, 1.5133944749832153, -2.5032222270965576, 0.02186492644250393, -0.4423697292804718, 0.49492913484573364, -0.002234572311863303, 0.06091233342885971, 0.9976786971092224, -0.030361024662852287, -0.5876606106758118, 0.3473966717720032, 0.5894667506217957, -16.46259117126465, -0.4708908200263977, -4.544864654541016, 0.050225671380758286, -0.42301520705223083, 0.4990690052509308, -0.07628880441188812, 0.5659142136573792, 0.8174535036087036, -0.07543755322694778, -0.30288150906562805, -0.06162526085972786, 0.150997132062912, -5.130815029144287, -0.585038959980011, -0.42442744970321655, -0.08214071393013, -0.3617076277732849, 0.4747053384780884, -0.6740137934684753, -0.49162623286247253, 0.5441019535064697, 0.08923020958900452, -0.30573490262031555, 0.22855934500694275, 0.21067671477794647, -3.128441333770752, -0.4100993871688843, -4.380798816680908, -0.17143972218036652, 0.7767966389656067, -0.7606070637702942, -0.022056054323911667, 0.010502711869776249, 0.00012742036778945476, -0.19151023030281067, 0.7032161951065063, -0.2559686005115509, -0.013553821481764317, 0.007235500495880842, -0.0011867390712723136, -0.28475192189216614, 1.0959835052490234, -0.4879826605319977, -0.03477052226662636, -0.00029502803226932883, 0.0009380729170516133, -0.14250555634498596, 0.8571061491966248, 0.5309958457946777, 0.004736212082207203, -0.0006313758785836399, -0.0014379312051460147, -0.8101767897605896, -0.08169616758823395, -0.2948083281517029, -0.0006297430954873562, -0.005419236142188311, 0.002825361443683505, 1.0, 0.42281296849250793, -0.6905819773674011, 0.4072260856628418, 1.0, 1.0, 1.0, 1.0, 1.0, -0.3261910378932953, 0.5889585018157959, -1.0, -1.0, -1.0, 1.0, -1.0, -0.9860262274742126, 1.0, 1.0, 1.0]
