1
[0.0, 0.0, 0.0, 0.0, 0.0, 0.0, 0.0, 0.0, 0.0, 0.0, 0.0, 0.0, 0.0, 0.0, 0.0, 0.0, 0.0, 0.0, 0.0, 0.0, 0.0, 0.0, 0.0, 0.0, 0.0, 0.0, 0.0, 0.0, 0.0, 0.0, 0.0, 0.0, 0.0, 0.0, 0.0, 0.0, 0.0, 0.0, 0.0, 0.0, 0.0, 0.0, 0.0, 0.0, 0.0, 0.0, 0.0, 0.0, 0.0, 0.0, 0.0, 0.0, 0.0, 0.0, 0.0, 0.0, 0.0, 0.0, 0.0, 0.0, 0.0, 0.0, 0.0, 0.0, 0.0, 0.0, 0.0, 0.0, 0.0, 0.0, 0.0, 0.0, 0.0, 0.0, 0.0, 0.0, 0.0, 0.0, 0.0, 0.0, 0.0, 0.0, 0.0, 0.0, 0.0, 0.0, 0.0, 0.0, 0.0, 0.0, 0.0, 0.0, 0.0, 0.0, 0.0, 0.0, 0.0, 0.0, 0.0, 0.0, 0.0, 0.0, 0.0, 0.0, 0.0, 0.0, 0.0, 0.0, 0.0, 0.0, 0.0, 0.0, 0.0, 0.0, 0.0, 0.0, 0.0, 0.0, 0.0, 0.0, 0.0, 0.0, 0.0, 0.0, 0.0, 0.0, 0.0, 0.0, 0.0, 0.0, 0.0, 0.0, 0.0, 0.0, 0.0, 0.0, 0.0, 0.0, 0.0, 0.0, 0.0, 0.0, 0.0, 0.0, 0.0, 0.0, 0.0, 0.0, 0.0, 0.0, 0.0, 0.0, 0.0, 0.0, 0.0, 0.0, 0.0, 0.0, 0.0, 0.0, 0.0, 0.0, 0.0, 0.0, 0.0, 0.0, 0.0, 0.0, 0.0, 0.0, 0.0, 0.0, 0.0, 0.0, 0.0, 0.0, 0.0, 0.0, 0.0, 0.0, 0.0, 0.0, 0.0, 0.0, 0.0, 0.0, 0.0, 0.0, 0.0, 0.0, 0.0, 0.0, 0.0, 0.0, 0.0, 0.0, 0.0, 0.0, 0.0, 0.0, 0.0, 0.0, 0.0, 0.0, 0.0, 0.0, 0.0, 0.0, 0.0, 0.0, 0.0]
[0.40560197830200195, 0.2922343313694, 0.0569993332028389, -0.5553925037384033, -0.7442552447319031, -0.8445436954498291, 0.27175092697143555, -0.7438994646072388, -0.9978054165840149, -0.95998615026474, -0.009503738023340702, -0.6955083012580872, -0.49965783953666687, -0.6509113907814026, -0.735063910484314, 0.16419392824172974, -0.8385565280914307, -0.698199987411499, -0.774834156036377, -0.032805152237415314, -0.7178049087524414, -0.06158018857240677, -0.07673728466033936, 0.8738089799880981, -0.37181150913238525, 0.2833053469657898, -0.518625020980835, 1.7939443588256836, 1.9846537113189697, 0.4046415388584137, 0.45345211029052734, 2.008017063140869, -0.07130039483308792, -0.03700631484389305, -0.46055909991264343, -0.45017048716545105, 1.838250994682312, 0.507240891456604, 0.8397384881973267, 0.5076585412025452, 2.0422415733337402, -0.47709202766418457, -0.13427981734275818, -1.3331685066223145, 1.5515612363815308, 0.27180215716362, -0.7642831802368164, 0.1751076877117157, -9.90493106842041, 4.225476264953613, -0.5139176845550537, 0.7432852983474731, 0.49534711241722107, 0.21011926233768463, -0.2558446228504181, 0.9143093228340149, 0.36976391077041626, 0.13103629648685455, -0.49008482694625854, 0.13669458031654358, 0.18627682328224182, 0.09660433977842331, 0.7532107830047607, -0.23381875455379486, 1.208815574645996, 0.4531290531158447, 0.1510952264070511, -0.1169440820813179, 0.7752753496170044, 0.4598715305328369, -0.21328341960906982, -0.061937812715768814, 0.0035529588349163532, -0.3924596309661865, 0.5310207009315491, 0.10383150726556778, 0.6177165508270264, -0.7705317735671997, 0.11800853163003922, 0.030813803896307945, -0.0007952979067340493, -0.09628057479858398, 0.1905372142791748, -1.2162683010101318, 0.28247231245040894, 0.0, -0.38999998569488525, 0.47999998927116394, -0.22206895053386688, -0.6671021580696106, 0.6765443682670593, 0.2189696580171585, 0.1450527161359787, 0.11312035471200943, -0.31647053360939026, -0.9305964112281799, -0.025300707668066025, -0.4476429522037506, 0.529323160648346, 0.004833502694964409, -0.40299466252326965, 0.9151017665863037, -0.012672710232436657, 0.5736777186393738, 0.5957616567611694, 1.2738293409347534, -22.33928871154785, -0.0783218964934349, 4.406346797943115, -0.008095229044556618, -0.45650848746299744, 0.5155168175697327, -0.01674504764378071, -0.5920764803886414, 0.8055225610733032, 0.017275067046284676, 0.2146521508693695, 0.21888220310211182, 1.0702911615371704, -10.89794635772705, 0.24184896051883698, -0.455074667930603, 0.020150145515799522, -0.4460213780403137, 0.5263166427612305, 0.007479491177946329, -0.2932528257369995, 0.9557048082351685, -0.023981884121894836, 0.5325591564178467, 0.2969605624675751, 0.3605637550354004, -10.89341926574707, -0.21572168171405792, 4.153151988983154, 0.03726906329393387, -0.4413498640060425, 0.5228669047355652, -0.041783496737480164, -0.4373420178890228, 0.8981144428253174, -0.01940060406923294, 0.012311005964875221, 0.4357878267765045, 1.2661142349243164, -10.610220909118652, -3.8602871894836426, -0.9795394539833069, -0.0768555998802185, -0.3705645799636841, 0.5159900188446045, -0.20448705554008484, -0.5918636322021484, 0.7497610449790955, 0.21387091279029846, 0.3673390746116638, -0.05630612373352051, 0.8699324727058411, -12.413372993469238, 1.7036678791046143, 4.552694320678711, -2.764125108718872, -6.549103260040283, 1.3657420873641968, 0.11188269406557083, -0.01649019867181778, 0.010607213713228703, -1.3810224533081055, -5.286746501922607, 0.27747926115989685, 0.051735103130340576, -0.001216720324009657, 0.0014590644277632236, -2.7247514724731445, -2.470459461212158, 0.7730167508125305, 0.05954745411872864, -0.013077957555651665, 0.015699069947004318, -0.9659565687179565, -6.402490139007568, 1.8750238418579102, 0.05505788326263428, 0.0070790438912808895, 0.01446211151778698, -2.80324649810791, -5.984371185302734, -0.1426505148410797, 0.045918431133031845, -0.01708589680492878, 0.025800198316574097, -1.0, 1.0, -1.0, 1.0, 1.0, 0.989332914352417, 1.0, -1.0, -1.0, -1.0, 1.0, 1.0, 1.0, 1.0, -1.0, -0.8183038830757141, 1.0, 1.0, -0.9978259801864624, 1.0]
[0.2744925916194916, 0.36763882637023926, -0.022221345454454422, -0.43124711513519287, -0.6593085527420044, -0.8002221584320068, 0.34830495715141296, -0.651093602180481, -0.9778528213500977, -0.957990825176239, -0.04617929458618164, -0.7041671872138977, -0.42175546288490295, -0.554071307182312, -0.7015522122383118, 0.15791009366512299, -0.6371856331825256, -0.6384251713752747, -0.7791649699211121, -0.14880456030368805, -0.633682131767273, -0.012652582488954067, -0.06275800615549088, 0.7988072633743286, -0.574228048324585, 0.6535601615905762, 0.178573340177536, 0.5884321928024292, 0.131806880235672, 0.33174270391464233, -0.02632947638630867, 0.4549611508846283, 0.30392077565193176, 0.0662732720375061, -0.27010297775268555, -0.14144925773143768, -0.02524627558887005, 0.8894528746604919, 0.1380237340927124, -0.0712020993232727, 2.0712873935699463, 1.3225914239883423, 0.16293063759803772, -1.4851621389389038, 0.08629278093576431, 0.026751816272735596, 0.5421280860900879, -1.1360725164413452, -5.176767826080322, 2.8769211769104004, 0.38263314962387085, -0.43467390537261963, -0.3564840257167816, -0.14957429468631744, -0.645320475101471, -0.038639649748802185, -0.007772970013320446, -0.0007036069873720407, -0.4734885096549988, -0.05767492204904556, -0.26233580708503723, -0.12049952149391174, 0.6015737652778625, 0.025208905339241028, 0.7415927052497864, 0.5219088792800903, 0.21755263209342957, 0.031470317393541336, -0.5135727524757385, -0.3252056837081909, 0.06877855211496353, 0.003785400651395321, 0.004107325337827206, -0.3926595449447632, 0.5280387997627258, 0.14184823632240295, 0.6233184337615967, -0.7522125840187073, 0.15977922081947327, 0.0357191376388073, -0.010047828778624535, -0.2074016034603119, 0.44497060775756836, -1.477630615234375, 0.2786153256893158, 0.0, -0.38999998569488525, 0.47999998927116394, -0.22206895053386688, -0.6671021580696106, 0.6765443682670593, 0.2189696580171585, 0.1466425508260727, 0.172000452876091, -0.31660184264183044, -0.9212354421615601, -0.016261765733361244, -0.4415613114833832, 0.5431119799613953, 0.014258084818720818, -0.2883857786655426, 0.9563143253326416, -0.04575192928314209, 0.4268004596233368, 0.4158088266849518, 0.6957536935806274, -8.469313621520996, -1.2162853479385376, 2.006213665008545, -0.0017785419477149844, -0.4534265100955963, 0.5280426740646362, -0.014554234221577644, -0.536704957485199, 0.8435843586921692, 0.010062742047011852, 0.6092888712882996, 0.23567086458206177, 0.8119707107543945, -7.3705291748046875, -0.11737461388111115, 2.9453699588775635, 0.028536438941955566, -0.4423344135284424, 0.5339779257774353, 0.011754699982702732, -0.2082560658454895, 0.9766868948936462, -0.050732746720314026, 0.627235472202301, 0.31271791458129883, 0.48070767521858215, -6.853551864624023, -0.6068150401115417, 4.219462871551514, 0.04322203993797302, -0.4321209788322449, 0.541257917881012, -0.04199628531932831, -0.32113274931907654, 0.9452815055847168, -0.039405371993780136, 0.4134638011455536, 0.980469286441803, 1.5058192014694214, -21.348318099975586, -1.372396469116211, 1.4594690799713135, -0.0734548345208168, -0.36997056007385254, 0.5229265689849854, -0.21009677648544312, -0.5393651723861694, 0.8013564944267273, 0.15090444684028625, 0.20364870131015778, 0.056430596858263016, 0.30724644660949707, -8.414566993713379, -4.510921478271484, 5.84898567199707, 2.419201135635376, 4.422683238983154, -0.4135650396347046, -0.08323404937982559, 0.029537567868828773, -0.030044250190258026, -3.4809908866882324, -0.002053650561720133, 0.11551105976104736, -0.000734411645680666, -0.03328535333275795, 0.010956154204905033, -2.5580806732177734, 2.8892693519592285, -0.47858965396881104, -0.07716047763824463, -0.014934249222278595, 0.023012038320302963, 0.4134640693664551, -6.786689281463623, 1.6128469705581665, 0.11575229465961456, 0.014948100782930851, 0.008377887308597565, 0.32276657223701477, 3.8542604446411133, -0.16200511157512665, -0.031150776892900467, -0.001378853339701891, 0.011171418242156506, -1.0, 1.0, -1.0, -0.010939652100205421, -1.0, 0.9579959511756897, -1.0, -0.7436675429344177, -1.0, -1.0, -1.0, 0.12109172344207764, 0.32002466917037964, 1.0, 0.7905410528182983, -0.8425423502922058, -1.0, -0.2854899764060974, 0.7766417860984802, -0.10158295184373856]
[0.12073688209056854, 0.4569953382015228, -0.056902408599853516, -0.415230929851532, -0.6799213886260986, -0.7871062159538269, 0.3324951231479645, -0.6679893732070923, -0.9545449018478394, -0.9535368084907532, -0.15331031382083893, -0.6865870356559753, -0.4725418984889984, -0.5195891261100769, -0.6007012128829956, 0.13072916865348816, -0.4009414315223694, -0.547918975353241, -0.7161954641342163, -0.2507935166358948, -0.6534715294837952, -0.04337406903505325, 0.06554378569126129, 0.6903430819511414, -0.6196302771568298, 0.6704881191253662, -0.2970445454120636, -0.07854466140270233, -0.3682441711425781, -0.02758858911693096, -0.2132432907819748, -0.2996923327445984, 0.25656089186668396, 0.07471688836812973, -0.5273669958114624, 0.3171733319759369, -0.7012082934379578, -0.04614469036459923, 0.6543216705322266, -0.11762451380491257, 2.249199628829956, 0.5876520276069641, 0.832671582698822, -1.1361011266708374, -0.2822417616844177, -0.13975347578525543, 0.9261285662651062, -0.927712082862854, -1.8278648853302002, 0.5234541893005371, -0.14915114641189575, -0.17174065113067627, -0.10716668516397476, -0.05228031799197197, -0.157358318567276, -0.15531794726848602, -0.06432928144931793, -0.02176021784543991, -0.11483108997344971, 0.12700596451759338, 0.011191298253834248, -0.02443826012313366, 0.2812126874923706, -0.14189815521240234, 0.1884290874004364, 0.004179014358669519, 0.011202368885278702, 0.055837709456682205, -0.1370968073606491, -0.09677945822477341, -0.010295648127794266, 0.008113537915050983, 0.012819834053516388, -0.3891627788543701, 0.5352596044540405, 0.05549146980047226, 0.60968416929245, -0.7775318622589111, 0.14370086789131165, 0.42069584131240845, 0.1654960811138153, 0.2454083412885666, -0.745701014995575, 3.2100398540496826, 0.15108200907707214, 0.0, -0.38999998569488525, 0.47999998927116394, -0.22206895053386688, -0.6671021580696106, 0.6765443682670593, 0.2189696580171585, 0.150277242064476, 0.09424223750829697, -0.3658493757247925, -0.9136132597923279, -0.0070123570039868355, -0.43876907229423523, 0.5513587594032288, 0.02186380699276924, -0.25912031531333923, 0.9626907706260681, -0.07486633211374283, 0.6653391122817993, 0.1601898968219757, 0.443931519985199, -0.995055615901947, 0.049369584769010544, 4.5635199546813965, 0.007844526320695877, -0.4512448310852051, 0.5361813306808472, -0.0026190869975835085, -0.5108144283294678, 0.8595663905143738, -0.014397918246686459, 0.7094473242759705, 0.1741841435432434, 0.5181951522827148, -3.500739812850952, -0.3183478116989136, 4.1467509269714355, 0.03953517973423004, -0.43804746866226196, 0.5422080159187317, 0.021563135087490082, -0.18096768856048584, 0.9789280295372009, -0.09211709350347519, 0.741768479347229, 0.34001249074935913, 0.5467290282249451, -1.2498077154159546, 0.28403785824775696, 5.690812110900879, 0.047940079122781754, -0.4159103035926819, 0.5618746876716614, -0.059834714978933334, -0.13807937502861023, 0.9862658977508545, -0.0680689662694931, 0.14286042749881744, 1.471748948097229, 1.2774193286895752, -22.99765396118164, -5.30311918258667, 1.634611964225769, -0.07094836980104446, -0.36997678875923157, 0.5246160626411438, -0.23240534961223602, -0.5105822086334229, 0.8237295150756836, 0.0822393074631691, 0.19454987347126007, -0.03647734969854355, 0.05234210938215256, -5.203324317932129, -6.045706272125244, 4.487758636474609, -0.8128353953361511, 1.4805142879486084, -0.2504635155200958, -0.030072607100009918, -0.0055945566855371, 0.0072302306070923805, -0.8276005983352661, 0.8488535284996033, -0.03162362426519394, -0.00902741402387619, -0.0072359321638941765, 0.002758531831204891, -0.6017740964889526, 0.08566613495349884, 0.31535857915878296, -0.023153267800807953, -0.0027278463821858168, 0.005150110460817814, 0.1495535522699356, -0.43175309896469116, 0.40512704849243164, 0.004726072307676077, 0.0065356669947505, 0.006589503958821297, -0.020361468195915222, 1.4206665754318237, -0.0063692727126181126, -0.012932061217725277, 0.008439327590167522, -0.005295453127473593, -1.0, 1.0, -0.989132285118103, -0.5727022886276245, -1.0, 0.011511623859405518, -1.0, -0.7969242930412292, -1.0, -0.411014199256897, -1.0, 0.4457407295703888, -0.02199585735797882, 1.0, -0.3281301259994507, -0.7135266065597534, -1.0, -0.5401732921600342, 1.0, 0.1711493730545044]
[-0.0453583300113678, 0.5491601228713989, -0.11417368054389954, -0.4053964912891388, -0.7258109450340271, -0.7978086471557617, 0.290216326713562, -0.6780475974082947, -0.9477630257606506, -0.9489361047744751, -0.2824176847934723, -0.6947189569473267, -0.5505902767181396, -0.53748619556427, -0.46697086095809937, 0.18196937441825867, -0.19531717896461487, -0.477021187543869, -0.6267776489257812, -0.355254203081131, -0.6971432566642761, -0.14472395181655884, 0.21189352869987488, 0.6061827540397644, -0.6192814111709595, 0.6341315507888794, -0.21907995641231537, 0.20836131274700165, -0.44967031478881836, -0.13694320619106293, -0.14554983377456665, 0.024097958579659462, -0.023957515135407448, 0.014448319561779499, -0.5338283181190491, -0.2880842387676239, -0.7336896657943726, -0.22336383163928986, 0.6007190942764282, 0.4036625027656555, 1.7155828475952148, 0.6914161443710327, 0.8301847577095032, -1.3649269342422485, -0.3417625427246094, -0.31202611327171326, 0.8874073028564453, -0.6980423927307129, 0.40080222487449646, -0.48850202560424805, 0.030954444780945778, 0.05375990644097328, 0.026731081306934357, 0.008491555228829384, 0.05665837973356247, 0.031147941946983337, 0.001709759933874011, -0.0015125731006264687, 0.04016413539648056, -0.21911409497261047, -0.08277039229869843, -0.030982106924057007, -0.06819017976522446, 0.017295122146606445, -0.22400927543640137, -0.09542487561702728, -0.03574374318122864, -0.024841755628585815, -0.019189415499567986, -0.026629824191331863, 0.00418773153796792, 0.007267899811267853, 0.02098812162876129, -0.38592836260795593, 0.5392534136772156, -0.03019513562321663, 0.5946972370147705, -0.7989588975906372, 0.08419088274240494, 0.5057917237281799, 0.2003747522830963, 0.23514805734157562, -0.7635460495948792, 2.2430951595306396, 0.029981210827827454, 0.0, -0.38999998569488525, 0.47999998927116394, -0.22206895053386688, -0.6671021580696106, 0.6765443682670593, 0.2189696580171585, 0.14273250102996826, -0.011467745527625084, -0.3841136693954468, -0.9121143221855164, 0.0031025041826069355, -0.4354541599750519, 0.5590866804122925, 0.032761480659246445, -0.24930667877197266, 0.9617319703102112, -0.10883201658725739, 0.6092278957366943, 0.27083438634872437, 0.48013120889663696, -1.3195728063583374, 0.0827377662062645, 4.147439479827881, 0.018525753170251846, -0.44796445965766907, 0.5445387363433838, 0.0121839614585042, -0.4865357279777527, 0.8724329471588135, -0.04466632008552551, 0.6562806963920593, 0.26468196511268616, 0.5487120151519775, -3.218719005584717, -0.44439810514450073, 3.8039162158966064, 0.051529571413993835, -0.43331459164619446, 0.5490005612373352, 0.038300640881061554, -0.19237546622753143, 0.9709372520446777, -0.13713298738002777, 0.761546790599823, 0.2478574961423874, 0.3076803386211395, 2.7692692279815674, 1.679361343383789, 5.576981544494629, 0.04888297989964485, -0.3971506357192993, 0.5776417255401611, -0.09676572680473328, 0.041305266320705414, 0.9909960627555847, -0.08280672132968903, -0.15519677102565765, 1.421595573425293, 0.6899604201316833, -19.5638370513916, -6.729514122009277, -1.2541521787643433, -0.06760895997285843, -0.37109896540641785, 0.5242026448249817, -0.26601603627204895, -0.4902956187725067, 0.8299242258071899, 0.00845375843346119, 0.23946702480316162, -0.10393436253070831, -0.06909950077533722, -4.289605140686035, -8.043889999389648, 4.983953475952148, 0.2154916673898697, -0.3399524688720703, -0.014976318925619125, 0.0033922684378921986, 0.0011104654986411333, -0.0014277802547439933, 0.3421434164047241, -0.01905229315161705, -0.03647303208708763, -0.0017983575817197561, 0.002798783127218485, -0.0013215267099440098, 0.19461068511009216, 1.0441596508026123, -0.6608721017837524, -0.015319714322686195, 0.0007311570225283504, -0.0011770445853471756, 0.7028055787086487, 1.299740195274353, -0.7281815409660339, -0.016247641295194626, 0.0025519400369375944, -0.012022788636386395, 0.19030946493148804, 0.6243426203727722, 0.023140188306570053, -0.0054127611219882965, 0.0042229508981108665, 0.00153298769146204, -0.9133303165435791, 1.0, -1.0, -0.16595721244812012, -1.0, 0.409842312335968, -0.6518296003341675, -1.0, -1.0, -1.0, -1.0, 0.17504824697971344, 1.0, 0.7091647386550903, -0.06733402609825134, -1.0, -1.0, -1.0, 1.0, 0.22698676586151123]
[-0.12433334439992905, 0.5945730209350586, -0.15639494359493256, -0.3714171051979065, -0.7702181339263916, -0.8125507831573486, 0.2686043679714203, -0.6577009558677673, -0.9519984126091003, -0.948823094367981, -0.4156472980976105, -0.7291114330291748, -0.6230840086936951, -0.5615353584289551, -0.36511385440826416, 0.28293994069099426, -0.13117006421089172, -0.4126420021057129, -0.5429465770721436, -0.45948854088783264, -0.7423496246337891, -0.27118954062461853, 0.3388846814632416, 0.5796170234680176, -0.0563940666615963, 0.1008792296051979, -0.1133275255560875, 0.3382396399974823, -0.38750338554382324, -0.1338132917881012, -0.06904984265565872, 0.29505524039268494, -0.04846760630607605, -0.006895414087921381, -0.5456512570381165, -0.34229516983032227, -0.6375672221183777, -0.22054970264434814, 0.3580990135669708, 0.4390473961830139, -0.0340154655277729, 0.5268489718437195, 0.7200957536697388, -1.2396475076675415, -0.3277166783809662, -0.31615349650382996, 0.7308234572410583, -0.00911975558847189, 13.560850143432617, -6.357436180114746, 0.4971517324447632, -0.327587753534317, -0.10376088321208954, -0.03299373760819435, 0.5533313155174255, -0.32950496673583984, -0.11193055659532547, -0.035461168736219406, 0.5393227338790894, -0.42840874195098877, -0.13165056705474854, -0.03736259043216705, -0.4394961893558502, 0.2957483232021332, -0.9173089861869812, -0.365744948387146, -0.13011963665485382, 0.004648318514227867, 0.05541834235191345, 0.03171633183956146, 0.20193207263946533, 0.07682602107524872, 0.02936515584588051, -0.38293927907943726, 0.5416792035102844, -0.11483263969421387, 0.5740911364555359, -0.8105136156082153, 0.01733466424047947, 0.49928194284439087, 0.16864994168281555, 0.12258035689592361, -0.7926921248435974, 2.7716948986053467, -0.151189386844635, 0.0, -0.38999998569488525, 0.47999998927116394, -0.22206895053386688, -0.6671021580696106, 0.6765443682670593, 0.2189696580171585, 0.13100188970565796, -0.12040678411722183, -0.3932984471321106, -0.9020292162895203, 0.007843714207410812, -0.4326101839542389, 0.56367427110672, 0.0393923781812191, -0.24496135115623474, 0.9603634476661682, -0.12705910205841064, 0.06724143773317337, 0.09656570851802826, 0.11754991114139557, 0.35816270112991333, 0.27046874165534973, 0.8161171674728394, 0.02338559366762638, -0.44538387656211853, 0.5496882200241089, 0.018626628443598747, -0.46887317299842834, 0.8810596466064453, -0.05953804776072502, 0.06418069452047348, 0.10886334627866745, 0.18328386545181274, -1.6976680755615234, -0.1855168640613556, 0.5879928469657898, 0.059027764946222305, -0.43135491013526917, 0.5503796339035034, 0.05817433074116707, -0.22691403329372406, 0.9576864838600159, -0.16721899807453156, 0.29817771911621094, -0.05579107254743576, -0.12644624710083008, 4.975002288818359, 2.6703529357910156, 2.704634428024292, 0.046709220856428146, -0.38815733790397644, 0.583324670791626, -0.1276690661907196, 0.1420530080795288, 0.9788727164268494, -0.07300437986850739, -0.23813246190547943, 0.2594081461429596, 0.02083011530339718, -6.319983959197998, -3.605485200881958, -2.8136940002441406, -0.06610045582056046, -0.3720971643924713, 0.5215290188789368, -0.31435054540634155, -0.4807908236980438, 0.8172978758811951, -0.045255325734615326, -0.04213482141494751, -0.04071829468011856, -0.28746774792671204, -0.19160430133342743, -8.256309509277344, 0.5983604192733765, 3.0066001415252686, 1.4312314987182617, -1.5067994594573975, -0.011525261215865612, 0.010447533801198006, -0.015666551887989044, 3.0546507835388184, 1.8442583084106445, -0.4356871545314789, -0.007797295227646828, 0.012643727473914623, -0.009563351981341839, 2.9760518074035645, 1.7330609560012817, -1.6056334972381592, -0.011366674676537514, 0.008190285414457321, -0.013419099152088165, 1.864789605140686, 4.6334357261657715, -3.2607288360595703, -0.06061810627579689, -0.011003348045051098, -0.018745459616184235, 3.3794167041778564, -0.09816788882017136, 0.04029414802789688, -0.0038876987528055906, 0.02275535650551319, -0.018351826816797256, 1.0, 0.25044381618499756, -1.0, -0.0704563781619072, -1.0, 0.8398754000663757, -0.6041197180747986, -1.0, -1.0, -1.0, -1.0, -0.31133750081062317, 1.0, -0.5965616703033447, -0.18935827910900116, -1.0, -1.0, -1.0, 1.0, 0.7009013891220093]
[-0.09434851258993149, 0.5460667014122009, -0.19090969860553741, -0.29340729117393494, -0.807830274105072, -0.8257554173469543, 0.27834105491638184, -0.6107234954833984, -0.9561103582382202, -0.9493663311004639, -0.5384066700935364, -0.7632456421852112, -0.6041950583457947, -0.5705059766769409, -0.3512110710144043, 0.35491690039634705, -0.1908842772245407, -0.37157177925109863, -0.47992265224456787, -0.5508137941360474, -0.7810252904891968, -0.3855559527873993, 0.44506412744522095, 0.614233672618866, 0.22296391427516937, -0.5634006857872009, -0.17695297300815582, 0.9056693315505981, -0.32996323704719543, -0.11661487817764282, 0.11294298619031906, 0.46857792139053345, -0.04176009073853493, -0.00643893564119935, -0.40571269392967224, -0.3634066581726074, 0.575934112071991, 0.06324198096990585, -0.13670054078102112, 0.17280623316764832, -0.8160188794136047, 0.2810206115245819, 0.46090102195739746, -1.060339331626892, -0.2723105549812317, -0.2722054719924927, 0.6195215582847595, 0.4915369153022766, 4.8572235107421875, -8.965597152709961, 0.14009791612625122, -0.3583999276161194, -0.1032123863697052, -0.029555903747677803, 0.2606421411037445, -0.5618777871131897, -0.19643789529800415, -0.06322544813156128, 0.27919453382492065, -0.5726491808891296, -0.11064709722995758, -0.011179408058524132, -0.8532741069793701, 0.02582879364490509, -0.721537172794342, -0.25887343287467957, -0.09248331189155579, 0.05712106078863144, -0.16034917533397675, -0.06594210863113403, 0.11073580384254456, 0.04512179642915726, 0.03324488177895546, -0.38323479890823364, 0.5409945845603943, -0.21391725540161133, 0.5470986366271973, -0.803102970123291, -0.09973990172147751, -0.15981647372245789, -0.2905271649360657, -0.2381429225206375, -0.502536416053772, 4.087811470031738, -1.267917513847351, 0.0, -0.38999998569488525, 0.47999998927116394, -0.22206895053386688, -0.6671021580696106, 0.6765443682670593, 0.2189696580171585, 0.0966246947646141, -0.26980748772621155, -0.3725750148296356, -0.8826411366462708, 0.006656408775597811, -0.4320985674858093, 0.5621136426925659, 0.04072925075888634, -0.24845704436302185, 0.9592756628990173, -0.12806420028209686, -0.15388694405555725, -0.01004406251013279, -0.20919868350028992, 0.5017548203468323, 0.17186830937862396, -0.22012770175933838, 0.02152608148753643, -0.4460139870643616, 0.5473403930664062, 0.0162032600492239, -0.4669623374938965, 0.8825241923332214, -0.05324223265051842, -0.24547415971755981, -0.11909065395593643, -0.3131237328052521, 0.695660412311554, 0.21480746567249298, -1.70914626121521, 0.060550130903720856, -0.4331880211830139, 0.544610321521759, 0.06887121498584747, -0.24876439571380615, 0.949015200138092, -0.1809505820274353, -0.021892797201871872, -0.20246784389019012, -0.4982101619243622, 1.37330162525177, 0.5467618107795715, 0.9121650457382202, 0.04516104981303215, -0.3932480216026306, 0.57906574010849, -0.1308857649564743, 0.14522778987884521, 0.9792779088020325, -0.05284475162625313, -0.012197676114737988, -0.5881353616714478, -0.4152827560901642, 3.613224983215332, 1.032517910003662, -1.9589742422103882, -0.06730484217405319, -0.3727235794067383, 0.5157406330108643, -0.3744364082813263, -0.4904205799102783, 0.7846801280975342, -0.059682510793209076, -0.16750121116638184, -0.03250293433666229, -0.5235596299171448, 4.226179122924805, -7.506736755371094, -2.439812660217285, 0.8772455453872681, 1.6074905395507812, -1.5526556968688965, -0.005443545989692211, 0.002144940197467804, -0.0025345073081552982, 1.4136754274368286, 3.127607822418213, -0.7182145714759827, -0.016311338171362877, 0.008191965520381927, -0.0063086505979299545, 1.5591650009155273, 1.60617995262146, -1.8417726755142212, 0.012913290411233902, 0.00875135138630867, -0.006767890881747007, -0.004507243633270264, 2.9283416271209717, -3.4852356910705566, -0.04855818673968315, -0.013803242705762386, 0.00032025162363424897, 1.8958460092544556, 1.1663165092468262, 0.10357517749071121, -0.007511139381676912, 0.014788261614739895, -0.019642820581793785, 1.0, -1.0, -0.9173696041107178, 0.4211951494216919, -1.0, 1.0, -0.4630763530731201, -1.0, -1.0, -1.0, -0.05055243894457817, -1.0, 0.7006933689117432, -1.0, -0.28797322511672974, -1.0, -1.0, -1.0, 1.0, 1.0]
[-0.006779151502996683, 0.41262879967689514, -0.24910074472427368, -0.18176624178886414, -0.8388990759849548, -0.8367367386817932, 0.3185722529888153, -0.5572429299354553, -0.834766149520874, -0.9304755926132202, -0.6248547434806824, -0.7973913550376892, -0.4667907953262329, -0.5427001118659973, -0.39637380838394165, 0.31289055943489075, -0.29069653153419495, -0.3002189099788666, -0.42728862166404724, -0.6278737783432007, -0.8140005469322205, -0.4837271571159363, 0.5346200466156006, 0.6702533960342407, 0.40447697043418884, -1.190814733505249, -0.2670953571796417, 1.0885727405548096, -0.2660357356071472, -0.09334204345941544, 0.1983543336391449, 0.5066266655921936, 1.7403303384780884, 0.3961007595062256, -0.32202064990997314, -0.2953735888004303, 1.6299107074737549, 0.4293018877506256, -0.27633509039878845, -0.3494891822338104, -0.9951368570327759, 0.853981614112854, 0.6608368158340454, -0.8879872560501099, -0.22668004035949707, -0.22889463603496552, 0.520250141620636, 0.53117835521698, 3.9527626037597656, -7.379423141479492, 0.11107414215803146, -0.37945878505706787, -0.12270437180995941, -0.03845754265785217, 0.20542213320732117, -0.4900297522544861, -0.04406845569610596, 0.016261791810393333, 0.20648077130317688, -0.4357137680053711, -0.07556679844856262, -0.0008627737406641245, -0.5723757743835449, 0.024754799902439117, -0.44563010334968567, -0.10122466087341309, -0.008806823752820492, 0.05417824536561966, -0.12479901313781738, -0.05061754584312439, 0.10331577807664871, 0.031860027462244034, 0.029881136491894722, -0.389891654253006, 0.5343175530433655, -0.356521338224411, 0.5017767548561096, -0.729798436164856, -0.29750072956085205, -0.23130790889263153, -0.4836157560348511, -0.4896050691604614, -0.9322420954704285, 8.033610343933105, -2.53934383392334, 0.0, -0.38999998569488525, 0.47999998927116394, -0.22206895053386688, -0.6671021580696106, 0.6765443682670593, 0.2189696580171585, 0.00324284378439188, -0.4918575584888458, -0.307796448469162, -0.8144487142562866, 0.0028963887598365545, -0.4333568513393402, 0.554743230342865, 0.04033103212714195, -0.260515958070755, 0.9565249085426331, -0.12475979328155518, -0.280657023191452, -0.1612081527709961, -0.6204174757003784, 2.300776958465576, 0.32515889406204224, -0.6543034911155701, 0.015818754211068153, -0.44795864820480347, 0.5393864512443542, 0.007466249633580446, -0.434527188539505, 0.9000108242034912, -0.03332715854048729, -0.4580126106739044, -0.062084101140499115, -0.5199052095413208, -7.292233943939209, -0.08399290591478348, -3.228890895843506, 0.05784766748547554, -0.4370019733905792, 0.532808244228363, 0.06231411173939705, -0.23809637129306793, 0.9513422250747681, -0.18540506064891815, -0.28055065870285034, -0.22744007408618927, -0.8360557556152344, -2.319307565689087, -2.089169979095459, -0.12849916517734528, 0.045113708823919296, -0.40467390418052673, 0.5671667456626892, -0.1150212436914444, 0.11483388394117355, 0.9858574271202087, -0.04084489867091179, 0.03997492790222168, -0.8143486976623535, -0.8800989389419556, 3.48500657081604, 2.4601693153381348, -1.1556611061096191, -0.0699564665555954, -0.37287572026252747, 0.5070998072624207, -0.43285974860191345, -0.5155913233757019, 0.7380824089050293, -0.045080218464136124, -0.2465762346982956, 0.03559556230902672, -0.7404887676239014, 7.4749908447265625, -5.808131694793701, -3.779569387435913, 0.7303261756896973, 1.8291263580322266, -1.4265341758728027, -0.011020643636584282, 0.0017494919011369348, -0.0015322661492973566, 1.0746299028396606, 1.1236342191696167, -0.6883255243301392, 0.033116307109594345, 0.005316372029483318, -0.005144383292645216, 1.1737829446792603, 1.0396649837493896, -1.52872896194458, 0.014732200652360916, 0.006275258958339691, -0.00384528748691082, 0.27952080965042114, 0.8552572727203369, -2.1549179553985596, 0.004022034350782633, -0.0066278292797505856, 0.0017016250640153885, 1.598514437675476, 0.7193852066993713, 0.19383782148361206, -0.00398516608402133, 0.00628380011767149, -0.016818102449178696, 1.0, -1.0, -1.0, 0.5231504440307617, -1.0, 1.0, -0.34276318550109863, 0.523375928401947, -0.9638261795043945, -1.0, 0.6691398620605469, -1.0, -0.3195226192474365, -1.0, 0.28648942708969116, -1.0, -1.0, -1.0, 1.0, 1.0]
[0.03971967101097107, 0.24452631175518036, -0.29018762707710266, -0.09622420370578766, -0.8202248811721802, -0.8388240337371826, 0.3675887882709503, -0.507182240486145, -0.5940366387367249, -0.8429237604141235, -0.6822780966758728, -0.8302768468856812, -0.27186328172683716, -0.45654547214508057, -0.46955230832099915, 0.17216737568378448, -0.3917529582977295, -0.16659905016422272, -0.3197919428348541, -0.6917494535446167, -0.840907871723175, -0.5651907324790955, 0.6137236952781677, 0.724341630935669, 0.008940857835114002, -1.1774405241012573, -0.07870624959468842, 0.6252772212028503, 0.4014142155647278, 0.06451566517353058, 0.1398617923259735, 0.453585684299469, 2.4817922115325928, 1.551331639289856, -0.19691449403762817, -0.3084965646266937, 1.8934624195098877, 1.4029566049575806, -0.3815990388393402, -0.7012905478477478, -0.8949043154716492, 1.4374412298202515, 1.3624576330184937, -0.732195258140564, -0.17945155501365662, -0.18680882453918457, 0.4708341658115387, 0.4825141429901123, -9.690778732299805, 0.884753942489624, -0.22406698763370514, -0.15827777981758118, -0.019380297511816025, 0.0029722535982728004, -0.3974597156047821, 0.030979372560977936, 0.04667215794324875, 0.08408190310001373, -0.3208466172218323, 0.04358470439910889, 0.019115444272756577, 0.05786106735467911, -0.16817255318164825, -0.31557953357696533, 0.06609759479761124, 0.06812475621700287, 0.0539175420999527, 0.009948843158781528, -0.20447933673858643, -0.08883056044578552, -0.13933923840522766, -0.045312561094760895, 0.026119595393538475, -0.39753782749176025, 0.5244523286819458, -0.5089115500450134, 0.40738004446029663, -0.5794293284416199, -0.48919540643692017, -0.22432464361190796, -0.453537255525589, -0.6280946731567383, -0.2365119308233261, 6.797543525695801, -1.6304692029953003, 0.0, -0.38999998569488525, 0.47999998927116394, -0.22206895053386688, -0.6671021580696106, 0.6765443682670593, 0.2189696580171585, -0.1091434434056282, -0.7101139426231384, -0.22587747871875763, -0.6578792333602905, 0.001075963256880641, -0.4354495406150818, 0.543992280960083, 0.03775873780250549, -0.270203173160553, 0.9538171887397766, -0.12568703293800354, 0.005985697731375694, -0.124818354845047, -0.6632153987884521, 0.5448040962219238, -0.4894365072250366, 0.37784525752067566, 0.01240458618849516, -0.4482319951057434, 0.5296444892883301, 0.0033694040030241013, -0.34342044591903687, 0.9390258193016052, -0.016774769872426987, -0.030507972463965416, 0.242003932595253, -0.394053190946579, -16.608381271362305, 0.20069052278995514, -0.8995168805122375, 0.05628602206707001, -0.43912965059280396, 0.5185375213623047, 0.043983470648527145, -0.19337600469589233, 0.9607954621315002, -0.19376075267791748, -0.031103022396564484, 0.08214545249938965, -0.7831987142562866, -7.971020221710205, -4.812471389770508, 1.129206657409668, 0.04863970726728439, -0.4144101142883301, 0.5512480735778809, -0.09597761183977127, 0.1170463040471077, 0.9873225688934326, -0.04777521640062332, 0.37294119596481323, -0.39741164445877075, -0.9872668981552124, -3.3501813411712646, 2.098752975463867, 1.5350313186645508, -0.07100444287061691, -0.37318381667137146, 0.4974408745765686, -0.4787759482860565, -0.547648012638092, 0.6858252882957458, -0.022335560992360115, 0.011782894842326641, -0.009538930840790272, -0.7030187249183655, 7.414887428283691, -4.699414253234863, -2.1804754734039307, -1.5366225242614746, 0.4276132881641388, 0.2835513949394226, 0.009386452846229076, -0.0024474854581058025, 0.004590317606925964, -2.3849170207977295, -1.3584623336791992, 0.06654419749975204, 0.06370498239994049, -0.010730675421655178, 0.009745756164193153, -1.8392349481582642, -0.7712646722793579, 0.34264102578163147, 0.04629209637641907, -0.003594311885535717, 0.006896256934851408, -1.9593106508255005, -1.2841671705245972, 0.1574346423149109, 0.03465503081679344, 0.0008327718824148178, 0.015734519809484482, -2.1103997230529785, 1.2138112783432007, -0.27216750383377075, -0.0036266217939555645, -0.011546168476343155, -0.0029666603077203035, -0.8070464730262756, -0.6571572422981262, -1.0, 0.27050456404685974, -0.470206618309021, 1.0, -0.3085697293281555, 1.0, -1.0, -1.0, 0.8879667520523071, -1.0, -1.0, -0.8864601850509644, 0.785578191280365, -1.0, -1.0, -1.0, 1.0, 1.0]
[0.0024269702844321728, 0.14385126531124115, -0.30273714661598206, -0.07127250730991364, -0.6992502212524414, -0.815402626991272, 0.40202972292900085, -0.5073941946029663, -0.3377734124660492, -0.5911741852760315, -0.7236340045928955, -0.8644765019416809, -0.1592865288257599, -0.2822290062904358, -0.5829979181289673, 0.003393750172108412, -0.3716156482696533, -0.0012514319969341159, -0.14617115259170532, -0.7443631887435913, -0.8705578446388245, -0.5306194424629211, 0.6841434240341187, 0.7718286514282227, -0.2280854731798172, -0.5005612373352051, -0.01216598879545927, 0.05211592838168144, 1.5027709007263184, 0.3776080012321472, 0.18323729932308197, -0.26098760962486267, 2.2865235805511475, 2.8232522010803223, -0.16711638867855072, -0.28780603408813477, 0.5964614748954773, 1.4650298357009888, -0.5356840491294861, -0.7024089694023132, 0.8081266283988953, 1.59662926197052, 1.8200520277023315, -0.6046430468559265, -0.21009795367717743, 0.23502659797668457, 0.4056260585784912, 0.41228610277175903, -4.546222686767578, 9.319535255432129, -0.11370724439620972, 0.32441699504852295, 0.16740351915359497, 0.0718139261007309, -0.08856315165758133, 0.3360612392425537, 0.039413437247276306, 0.031833671033382416, -0.17480449378490448, 0.5524983406066895, 0.06824146211147308, -0.018336035311222076, 0.628986120223999, -0.1742231249809265, 0.876495897769928, 0.2965196967124939, 0.10025378316640854, -0.024067919701337814, 0.1764678657054901, 0.13793738186359406, -0.18018902838230133, -0.06070411950349808, 0.0240559671074152, -0.4021529257297516, 0.5132734775543213, -0.6401190757751465, 0.25723955035209656, -0.37201908230781555, -0.6210290193557739, 0.18927963078022003, 0.08517412841320038, -0.5518681406974792, -1.0423779487609863, 12.040732383728027, -0.9664044380187988, 0.0, -0.38999998569488525, 0.47999998927116394, -0.22206895053386688, -0.6671021580696106, 0.6765443682670593, 0.2189696580171585, -0.20393718779087067, -0.8736449480056763, -0.145456925034523, -0.41712841391563416, 0.0031317751854658127, -0.4356043040752411, 0.5378189086914062, 0.032063260674476624, -0.23507310450077057, 0.9619531631469727, -0.13549388945102692, 0.1611296534538269, 0.14331519603729248, -0.18220829963684082, -6.829520225524902, -2.210108757019043, 1.1759849786758423, 0.014180371537804604, -0.4466037154197693, 0.5236921310424805, 0.004323067143559456, -0.179712176322937, 0.9835760593414307, -0.01621304266154766, 0.17091234028339386, 0.42299938201904297, -0.16366448998451233, -21.768659591674805, -0.3574620187282562, 0.3233940005302429, 0.05914781615138054, -0.4386778771877289, 0.5091434121131897, 0.024964839220046997, -0.126560240983963, 0.9691441655158997, -0.21004439890384674, 0.2120736688375473, 0.15729065239429474, -0.40526366233825684, -5.594756603240967, -3.28398060798645, 1.8808386325836182, 0.05531063675880432, -0.4139813780784607, 0.542870819568634, -0.0848669484257698, 0.21721872687339783, 0.9698612689971924, -0.07058839499950409, 0.3861963748931885, 0.5294138789176941, -0.33798152208328247, -17.549591064453125, -0.47644975781440735, 1.7655893564224243, -0.06924039125442505, -0.37410327792167664, 0.4912204146385193, -0.5115149617195129, -0.5639783143997192, 0.6481983661651611, -0.010938131250441074, 0.1325121521949768, -0.025819897651672363, -0.3438808023929596, 3.073003053665161, -3.4327569007873535, -1.9771809577941895, -0.8485963344573975, -2.3266842365264893, 1.8961701393127441, 0.036913663148880005, -0.002925280947238207, 0.0010248147882521152, -0.5386474132537842, -1.0761481523513794, 1.6037410497665405, 0.015691448003053665, 0.0019471726845949888, 0.001799102290533483, -1.0855721235275269, -0.37276339530944824, 2.4951605796813965, -0.023927485570311546, -0.005913404282182455, 0.002833978272974491, -1.104541301727295, -2.4381418228149414, 4.571754455566406, 0.06368165463209152, 0.002161341020837426, 0.006615324877202511, -2.704972982406616, -1.703790307044983, -0.4810633957386017, 0.013021728955209255, -0.017424561083316803, 0.011645128950476646, -1.0, 1.0, -1.0, -0.010207736864686012, 0.39672261476516724, 1.0, -0.7450879216194153, 1.0, -1.0, -1.0, -0.03885809704661369, -1.0, -1.0, 0.525670051574707, 1.0, -1.0, -1.0, 0.32784703373908997, 1.0, 1.0]
[-0.07836120575666428, 0.13386203348636627, -0.3168247640132904, -0.0897894874215126, -0.5242981910705566, -0.7355901002883911, 0.4124089777469635, -0.5571152567863464, -0.11143480986356735, -0.2959252595901489, -0.7613418698310852, -0.8929489850997925, -0.20183908939361572, -0.2069418728351593, -0.6925051808357239, -0.10856665670871735, -0.2708289325237274, 0.16157086193561554, 0.05082375556230545, -0.7878457903862, -0.8990006446838379, -0.3873598575592041, 0.7435768842697144, 0.8118144273757935, -0.36704888939857483, 0.21591496467590332, -0.14998745918273926, -0.2539372742176056, 1.6792728900909424, 1.291672945022583, 0.005227271001785994, -0.5548806190490723, 1.9858744144439697, 2.6179285049438477, -0.15065264701843262, -0.2482781708240509, -0.9146782159805298, 0.07275218516588211, -0.46169987320899963, -0.33134421706199646, 1.0106176137924194, 1.459044337272644, 1.8245391845703125, -0.4989343583583832, -0.19039976596832275, 0.4171209931373596, 0.3414519727230072, 0.3452203571796417, -3.682847023010254, 10.17728042602539, -0.17391851544380188, 0.4670146107673645, 0.14557509124279022, 0.09309877455234528, -0.11664015054702759, 0.5408463478088379, 0.10344027727842331, 0.0026711351238191128, -0.1340174823999405, 0.583925724029541, 0.066728875041008, -0.05127150937914848, 0.8296723365783691, -0.06684654951095581, 0.5549274682998657, 0.10719431936740875, 0.010494308546185493, -0.028601210564374924, 0.22782988846302032, 0.12898916006088257, -0.18229760229587555, -0.061388131231069565, 0.03164277598261833, -0.4021809995174408, 0.5059669017791748, -0.7179813981056213, -0.009393681772053242, -0.09987153857946396, -0.6887961030006409, 0.569021463394165, 0.137325718998909, -0.30275028944015503, 0.9548739790916443, 1.8994473218917847, -0.1729491651058197, 0.0, -0.38999998569488525, 0.47999998927116394, -0.22206895053386688, -0.6671021580696106, 0.6765443682670593, 0.2189696580171585, -0.23719659447669983, -0.9694789052009583, -0.03274858370423317, -0.05268503352999687, 0.0073096863925457, -0.43360835313796997, 0.5381195545196533, 0.021649325266480446, -0.1475544422864914, 0.9769550561904907, -0.1527017205953598, 0.2677183151245117, 0.3881315290927887, 0.2733207046985626, -14.029650688171387, -4.252295970916748, 2.536210298538208, 0.01872868277132511, -0.4441582262516022, 0.5231221914291382, 0.001751274336129427, 0.0017044786363840103, 0.9996152520179749, -0.02762860432267189, 0.3133796751499176, 0.5073846578598022, 0.1394858956336975, -21.278812408447266, -1.2977049350738525, 1.912191390991211, 0.06498601287603378, -0.4377344846725464, 0.506165623664856, 0.026794014498591423, -0.1273745596408844, 0.9647421836853027, -0.22875778377056122, 0.456760972738266, 0.019492577761411667, -0.013041865080595016, 3.8663346767425537, 2.122440814971924, 2.6279852390289307, 0.061250366270542145, -0.4065113961696625, 0.5434048771858215, -0.09011612832546234, 0.37514716386795044, 0.9180727005004883, -0.09102806448936462, 0.2772507667541504, 0.7826675772666931, -0.009374719113111496, -21.078582763671875, -3.1288113594055176, 1.4873756170272827, -0.06615644693374634, -0.37547290325164795, 0.489520788192749, -0.5369552969932556, -0.5596544146537781, 0.6310787796974182, -0.014337700791656971, 0.211688831448555, -0.08488493412733078, -0.006723273545503616, -0.9623565673828125, -3.070579767227173, -1.4189621210098267, -1.190152883529663, -2.522615432739258, 2.3575856685638428, 0.055259544402360916, -0.0061947861686348915, 0.0092565743252635, -0.6154573559761047, -0.6714531183242798, 2.7004919052124023, -0.007400660775601864, 0.0022078966721892357, 0.004960719496011734, -0.900912344455719, 0.2510804235935211, 2.7714180946350098, -0.04750530421733856, -0.006110928952693939, 0.002133245812729001, -0.49232378602027893, 0.3780285716056824, 3.0768611431121826, 0.016164734959602356, 0.0006569236284121871, -0.0025767595507204533, -2.735377788543701, -1.5991365909576416, -0.6064321398735046, 0.008656523190438747, -0.017622094601392746, 0.013616670854389668, -1.0, 1.0, -1.0, -0.2065202295780182, 0.5064153671264648, 0.5211156010627747, -0.9373610019683838, 1.0, -1.0, -1.0, -1.0, -1.0, -0.42299211025238037, 0.42878034710884094, 1.0, -1.0, -1.0, 0.7270479202270508, 1.0, 1.0]
[-0.16530685126781464, 0.16953955590724945, -0.3492433726787567, -0.13053523004055023, -0.37015944719314575, -0.5599987506866455, 0.3644976317882538, -0.6024709939956665, -0.0012490797089412808, -0.08405833691358566, -0.7994922995567322, -0.9146174788475037, -0.3147241473197937, -0.22737552225589752, -0.7564695477485657, -0.08158603310585022, -0.27745896577835083, 0.30796435475349426, 0.23325403034687042, -0.8240938186645508, -0.9212061762809753, -0.2077275663614273, 0.7901683449745178, 0.8445049524307251, -0.29404693841934204, 0.2677685618400574, -0.20224522054195404, -0.4715765118598938, 1.3113540410995483, 1.7485195398330688, -0.38124513626098633, -0.33004364371299744, 0.3745676577091217, 1.2128105163574219, -0.16531361639499664, -0.18244117498397827, -1.1074928045272827, -0.3183523118495941, -0.22159409523010254, 0.35026976466178894, -0.6413273215293884, 1.2836452722549438, 1.6085083484649658, -0.4183851182460785, -0.13979975879192352, 0.4548395574092865, 0.2575438916683197, 0.2786943316459656, 2.036424160003662, 0.20333580672740936, -0.01528092660009861, -0.07266276329755783, -0.069325752556324, -0.024522775784134865, -0.033282939344644547, 0.11816919595003128, -0.08868799358606339, -0.10663469135761261, 0.07829603552818298, 0.02624131552875042, 0.004279807209968567, -0.007208995055407286, 0.1682852953672409, 0.14274901151657104, -0.2832832932472229, -0.14579348266124725, -0.05795866996049881, 0.019181881099939346, 0.09894020855426788, 0.049821995198726654, 0.008762896060943604, -0.0007211830234155059, 0.03961889445781708, -0.40142080187797546, 0.504744291305542, -0.7443349957466125, -0.18072432279586792, 0.046279724687337875, -0.6412193179130554, 0.388449102640152, 0.009389707818627357, 0.09056562930345535, 1.0642473697662354, 4.864365100860596, 0.7731598615646362, 0.0, -0.38999998569488525, 0.47999998927116394, -0.22206895053386688, -0.6671021580696106, 0.6765443682670593, 0.2189696580171585, -0.21398696303367615, -0.9606302976608276, -0.012467042542994022, 0.1767580211162567, 0.012040491215884686, -0.4311203360557556, 0.5409509539604187, 0.004215489607304335, -0.02531220205128193, 0.9845424890518188, -0.1732560247182846, 0.20394402742385864, 0.333509624004364, 0.15053585171699524, -13.468820571899414, -4.729527473449707, 2.476029396057129, 0.024553846567869186, -0.4421772360801697, 0.5254733562469482, -0.005734534002840519, 0.12037106603384018, 0.991487979888916, -0.049287788569927216, 0.33753272891044617, 0.18270179629325867, 0.09148431569337845, -7.548328399658203, -1.0822020769119263, 3.3678653240203857, 0.0713992491364479, -0.4365689158439636, 0.5066276788711548, 0.04454242065548897, -0.17455892264842987, 0.9523617625236511, -0.24607351422309875, 0.41488367319107056, -0.0031732486095279455, 0.0024195935111492872, 5.735464572906494, 3.585923671722412, 2.3080949783325195, 0.06537621468305588, -0.40173888206481934, 0.5443288683891296, -0.09697210043668747, 0.4906875193119049, 0.8610410690307617, -0.09181781858205795, 0.19693312048912048, 0.20957981050014496, -0.19087883830070496, -11.569374084472656, -2.2743098735809326, -1.0791047811508179, -0.06298975646495819, -0.37683117389678955, 0.4902277886867523, -0.5582314133644104, -0.5452226996421814, 0.6248486638069153, -0.02596057951450348, 0.16061636805534363, -0.0571223609149456, 0.046414028853178024, -1.5543674230575562, -2.6163330078125, -1.4690967798233032, 0.04527587816119194, 0.7471928000450134, -0.33832046389579773, -0.013314885087311268, -0.00076279480708763, 0.004850761033594608, -0.04668716341257095, 1.7408937215805054, -0.0688585713505745, -0.08052130043506622, 0.001165161025710404, 0.006569228135049343, 0.4163076877593994, 0.029575861990451813, 0.048199910670518875, -0.006765357218682766, 0.0005638871225528419, -0.001855270704254508, 0.8720439076423645, 1.0052201747894287, -1.8679869174957275, -0.04288036748766899, -0.009688623249530792, -0.012262715958058834, 0.11455259472131729, -0.6593409180641174, 0.12515006959438324, 0.00357208214700222, -0.0025540259666740894, -0.0013107035774737597, -0.3856588304042816, 0.41246116161346436, -1.0, -0.4906017780303955, 0.2579154968261719, 0.34166961908340454, -0.7904632091522217, 0.19411323964595795, -1.0, -1.0, -1.0, -1.0, 0.7034057378768921, -1.0, 1.0, -1.0, -1.0, 0.8654285073280334, 1.0, 1.0]
[-0.18349413573741913, 0.1395503431558609, -0.37129589915275574, -0.10863601416349411, -0.2269572615623474, -0.3808400332927704, 0.3454103171825409, -0.5627683997154236, -0.066430002450943, -0.03274226188659668, -0.749765932559967, -0.9248909950256348, -0.4100501537322998, -0.26100847125053406, -0.7809503078460693, -0.0024259004276245832, -0.36318284273147583, 0.4319011867046356, 0.38895609974861145, -0.8548539280891418, -0.9363517761230469, -0.06366032361984253, 0.8222203850746155, 0.8702706098556519, 0.1126876026391983, -0.5088261961936951, -0.06113290786743164, 0.5952877402305603, 1.3296020030975342, 1.616280436515808, 0.03247949481010437, 0.6723196506500244, -1.112615704536438, -0.05531181022524834, 0.4217444062232971, -0.04916055127978325, -0.765207827091217, -0.2895697057247162, -0.08405105024576187, 0.31610575318336487, -0.887035071849823, 1.0655593872070312, 1.3434805870056152, -0.35615667700767517, -0.10135841369628906, 0.29710716009140015, 0.17257873713970184, 0.21846118569374084, 10.370128631591797, -10.478572845458984, 0.25281065702438354, -0.18881098926067352, -0.014797882176935673, -0.002920019906014204, 0.3481060862541199, -0.3667289614677429, -0.1504063904285431, -0.0774533599615097, 0.558580219745636, -0.5961329340934753, -0.1483592689037323, -0.028804948553442955, -0.6170781254768372, 0.22930166125297546, -0.4582894444465637, -0.09999410808086395, -0.022588804364204407, 0.08053907752037048, 0.04843687638640404, 0.0009900544537231326, 0.24078592658042908, 0.07254977524280548, 0.043613966554403305, -0.4028206169605255, 0.5060799717903137, -0.6975951194763184, -0.4161100387573242, 0.21323125064373016, -0.5429049730300903, 0.2027355134487152, -0.14052581787109375, -0.02200084552168846, 0.10790710896253586, 10.018181800842285, 2.7667953968048096, 0.0, -0.38999998569488525, 0.47999998927116394, -0.22206895053386688, -0.6671021580696106, 0.6765443682670593, 0.2189696580171585, -0.1340446174144745, -0.8778905272483826, 0.04102839156985283, 0.4578828513622284, 0.01231431495398283, -0.42849504947662354, 0.5401806235313416, -0.019458960741758347, 0.09866142272949219, 0.978724479675293, -0.1788448691368103, -0.2551167905330658, 0.37216314673423767, -0.22478029131889343, -14.056778907775879, -5.752345561981201, -0.2820163667201996, 0.02612167038023472, -0.4425995945930481, 0.523840606212616, -0.005506156012415886, 0.12169152498245239, 0.9909964799880981, -0.05555807426571846, -0.07695639133453369, -0.17502611875534058, -0.25213074684143066, 4.937396049499512, 0.8658562898635864, -0.7269340753555298, 0.07202321290969849, -0.4379192292690277, 0.5016688108444214, 0.056509602814912796, -0.2353273332118988, 0.9406800270080566, -0.2377997487783432, -0.1633109152317047, -0.29363149404525757, -0.5605216026306152, 7.3114333152771, 3.260155439376831, -2.654216766357422, 0.06629282981157303, -0.4035150706768036, 0.538906455039978, -0.09352587908506393, 0.5458064675331116, 0.8290621638298035, -0.07748578488826752, -0.02738358825445175, -0.22989995777606964, -0.5823553800582886, -4.637673377990723, -0.8197282552719116, -2.6552863121032715, -0.06238160282373428, -0.3768705129623413, 0.4884589910507202, -0.5773939490318298, -0.5390739440917969, 0.6128695607185364, -0.020156610757112503, -0.09055142104625702, 0.0861782655119896, -0.24988006055355072, 2.2974541187286377, -1.4319145679473877, -2.5699081420898438, 2.016313076019287, -0.40680497884750366, -2.2648849487304688, -0.009022095240652561, 0.0021076523698866367, -0.011074292473495007, 2.1142306327819824, 0.9599977135658264, -2.908141851425171, -0.06305339187383652, -0.006826808210462332, -0.014325962401926517, 3.200413703918457, 1.3659120798110962, -2.985673189163208, -0.008316269144415855, 0.014825706370174885, -0.017917880788445473, 1.8870741128921509, -1.0274901390075684, -2.7054829597473145, -0.038001157343387604, -0.009229888208210468, -0.007339157164096832, 3.5511107444763184, -0.23255565762519836, 1.258465051651001, 0.0014447285793721676, 0.015732010826468468, -0.01874570921063423, 1.0, -1.0, -0.4877842664718628, 0.14836397767066956, 0.5539464950561523, 1.0, 0.16375917196273804, -1.0, 0.24991276860237122, -1.0, -0.817733883857727, -1.0, 0.48147720098495483, -1.0, 1.0, -1.0, -1.0, 0.5101557970046997, 1.0, 1.0]
[-0.12059957534074783, 0.028056863695383072, -0.36662521958351135, -0.031175164505839348, -0.05654064193367958, -0.20526109635829926, 0.3710305690765381, -0.47253596782684326, -0.09259822964668274, -0.04586932063102722, -0.5803524255752563, -0.9315988421440125, -0.45228949189186096, -0.28329339623451233, -0.7953335046768188, -0.04404159635305405, -0.4563981294631958, 0.5148999691009521, 0.5105555057525635, -0.8805865049362183, -0.9489537477493286, 0.0759856179356575, 0.8471085429191589, 0.8912904858589172, 0.33133259415626526, -0.9576472640037537, 0.057958681136369705, 0.769525945186615, 1.7021950483322144, 1.7715752124786377, 0.16624026000499725, 0.9197017550468445, 0.2198435366153717, -0.0431266725063324, 0.8537405133247375, -0.0695074051618576, -0.19742149114608765, -0.131703719496727, -0.08074991405010223, -0.4272937476634979, -0.8575876355171204, 0.6060921549797058, 0.9346286654472351, -0.2941356599330902, -0.08600370585918427, 0.36619803309440613, 0.14855094254016876, 0.18285317718982697, 4.960677146911621, -4.392307281494141, 0.12445990741252899, -0.12889151275157928, -0.008216971531510353, 0.012230560183525085, 0.18091946840286255, -0.21613478660583496, 0.04370421543717384, 0.04023031145334244, 0.2721271216869354, -0.2951255440711975, -0.055046435445547104, -0.002174450783059001, -0.30643510818481445, 0.01010217797011137, -0.18980415165424347, -0.05738538131117821, -0.02790508046746254, 0.03869651257991791, 0.03826165199279785, 0.02423119731247425, 0.11061403900384903, 0.03301650658249855, 0.04294314235448837, -0.4078492522239685, 0.5050933361053467, -0.46105849742889404, -0.7116023898124695, 0.4103197455406189, -0.3356853723526001, -0.21929831802845, -0.3715309202671051, -0.10062046349048615, -0.16729794442653656, 12.017474174499512, 4.363178253173828, 0.0, -0.38999998569488525, 0.47999998927116394, -0.22206895053386688, -0.6671021580696106, 0.6765443682670593, 0.2189696580171585, 0.03220226988196373, -0.6005629897117615, 0.16740527749061584, 0.7811928987503052, 0.007321630604565144, -0.4257065951824188, 0.5344383716583252, -0.04461677372455597, 0.22781270742416382, 0.9588885307312012, -0.16322828829288483, -0.45642155408859253, 0.37122079730033875, -0.567883312702179, -15.304105758666992, -6.101155757904053, -2.1691501140594482, 0.022220289334654808, -0.4429987967014313, 0.5173329710960388, 0.0010770439403131604, 0.10924054682254791, 0.9931238889694214, -0.04207225516438484, -0.3233858644962311, 0.0259440615773201, -0.4698449969291687, -0.7933570742607117, 0.5657012462615967, -2.4411234855651855, 0.06511731445789337, -0.44175252318382263, 0.489894300699234, 0.05350248143076897, -0.2955642342567444, 0.9328919649124146, -0.19872502982616425, -0.581572413444519, -0.3447522521018982, -0.8828773498535156, 6.448770046234131, 2.1224968433380127, -5.870087146759033, 0.06532641500234604, -0.4091253876686096, 0.5272531509399414, -0.08987633138895035, 0.5542980432510376, 0.824158787727356, -0.07374338060617447, -0.07912454009056091, -0.3856878876686096, -0.7932183742523193, 1.3715152740478516, 0.593274712562561, 0.2784907817840576, -0.06491876393556595, -0.37504589557647705, 0.4835357069969177, -0.5965186357498169, -0.5399202704429626, 0.5937541127204895, 0.010370682924985886, -0.25086385011672974, 0.21855977177619934, -0.3927561044692993, 4.1980390548706055, -0.35617944598197937, -3.8903872966766357, 0.98110032081604, -0.4727625846862793, -1.1439396142959595, 0.0051391213200986385, -0.0012750184396281838, -0.0072474051266908646, 1.080800175666809, -0.9413983821868896, -0.9076797366142273, 0.02610933780670166, -0.0032447546254843473, -0.008225609548389912, 1.5632284879684448, 0.5193967819213867, -1.2633109092712402, 0.0056165000423789024, 0.007587557192891836, -0.008533291518688202, 0.45961442589759827, -0.30233243107795715, -1.1605777740478516, -0.03244006633758545, 0.006936524994671345, 0.0035774577409029007, 1.6134395599365234, -0.4499760866165161, 0.6184004545211792, 0.004037970211356878, 0.007201474159955978, -0.007997256703674793, 1.0, -1.0, -0.22157049179077148, 0.3416963815689087, 1.0, 1.0, 0.2025327980518341, 0.27629730105400085, 1.0, -1.0, -0.4751659035682678, -1.0, -0.9030374884605408, -1.0, 0.7796642780303955, -1.0, -1.0, 0.962007999420166, 1.0, 1.0]
[-0.01109181810170412, -0.08197496086359024, -0.3547075390815735, 0.03693340718746185, 0.11769773811101913, -0.0062145148403942585, 0.3654472231864929, -0.36504146456718445, 0.008959287777543068, -0.030709557235240936, -0.36470112204551697, -0.951686680316925, -0.34929248690605164, -0.2739819586277008, -0.8282724022865295, -0.1724836230278015, -0.5460009574890137, 0.5856637358665466, 0.5930915474891663, -0.9014851450920105, -0.9621479511260986, 0.21642455458641052, 0.8709799647331238, 0.9093945026397705, 0.46530458331108093, -0.6513907313346863, 0.04851273074746132, 0.5434238314628601, 1.5601071119308472, 1.9060970544815063, -0.10338599979877472, 1.0655232667922974, 1.3216700553894043, 0.3113507330417633, 0.9068775177001953, -0.23262088000774384, 1.583971381187439, 0.3191249966621399, -0.18800175189971924, -0.5781803727149963, -0.8079954981803894, 0.680065929889679, 0.7178707122802734, -0.2373989373445511, -0.09235771000385284, 0.33654874563217163, 0.14782170951366425, 0.15928299725055695, 3.113997459411621, 3.7830746173858643, 0.052685853093862534, 0.13708922266960144, -0.005331333726644516, -0.010118015110492706, 0.0588596910238266, 0.24008777737617493, 0.12995408475399017, 0.05468090623617172, 0.11802943050861359, 0.20804491639137268, 0.205097496509552, 0.09497783333063126, 0.3144654333591461, 0.03748037666082382, 0.15551842749118805, 0.019815126433968544, -0.004479227587580681, 0.0009038622956722975, 0.17988938093185425, 0.07834360748529434, -0.026423629373311996, -0.009456438943743706, 0.03730756416916847, -0.41334298253059387, 0.5034395456314087, -0.2079503834247589, -0.8507062196731567, 0.4681781828403473, -0.11774799972772598, -0.44805657863616943, -0.28272393345832825, -0.020936662331223488, 0.974797248840332, 6.133307933807373, 2.219978094100952, 0.0, -0.38999998569488525, 0.47999998927116394, -0.22206895053386688, -0.6671021580696106, 0.6765443682670593, 0.2189696580171585, 0.1915348470211029, -0.3015486001968384, 0.23236988484859467, 0.9046473503112793, -6.254389882087708e-05, -0.42262011766433716, 0.5281644463539124, -0.06347954273223877, 0.3609524965286255, 0.9204593896865845, -0.1357867568731308, -0.5057433247566223, 0.386536180973053, -0.4937819242477417, -15.947152137756348, -5.3358354568481445, -2.9572315216064453, 0.0159918162971735, -0.44037118554115295, 0.5128939747810364, 0.005305740050971508, 0.16441193222999573, 0.9860024452209473, -0.02719874121248722, -0.40071040391921997, 0.38918817043304443, -0.17807291448116302, -10.250526428222656, -0.23574422299861908, -1.5534993410110474, 0.05365519970655441, -0.44460567831993103, 0.4800563454627991, 0.03581889346241951, -0.2950914204120636, 0.9433640837669373, -0.14731690287590027, -0.8353652358055115, -0.07485802471637726, -0.38265541195869446, -4.8146772384643555, -1.4697215557098389, -6.9807233810424805, 0.0631517618894577, -0.4143467843532562, 0.5149601697921753, -0.08904250711202621, 0.54588383436203, 0.829374372959137, -0.07886891812086105, -0.18179835379123688, -0.26432156562805176, -0.6575616598129272, 0.6322605609893799, 0.38843828439712524, 0.47746542096138, -0.06917344778776169, -0.3718295395374298, 0.47877734899520874, -0.616737425327301, -0.5356235504150391, 0.5749847888946533, 0.046204451471567154, -0.319309264421463, 0.2884950041770935, -0.2681072950363159, 2.8454675674438477, -0.48458942770957947, -4.394648551940918, 0.4076828956604004, 0.49679428339004517, 0.6899219751358032, -0.002666100859642029, -0.00254872627556324, -0.0018914375687018037, 0.4411349296569824, -0.900501549243927, 1.7465496063232422, 0.041173383593559265, 0.0018031990621238947, 0.0006510748062282801, 0.6122552156448364, -2.379030227661133, 1.4821404218673706, 0.059292376041412354, 0.0007141066598705947, -0.00323967426083982, 0.2994125783443451, 0.8167418837547302, 0.6519833207130432, 0.0077719003893435, -0.0011828740825876594, 0.0010090125724673271, -0.39350625872612, -1.1536586284637451, 0.009278232231736183, 0.003206953639164567, -0.0031603435054421425, 0.0061528985388576984, 1.0, -0.3406674861907959, -0.267680823802948, 0.2863115072250366, 1.0, 0.18735003471374512, 0.3961505889892578, 1.0, 1.0, -1.0, 1.0, -1.0, -1.0, -1.0, 1.0, -1.0, -1.0, 1.0, 1.0, 1.0]
[0.11909903585910797, -0.1233430951833725, -0.32409876585006714, 0.13985344767570496, 0.2687152624130249, 0.1850321739912033, 0.3788056969642639, -0.2067325860261917, 0.15603084862232208, 0.04963674396276474, -0.15682156383991241, -0.9064424633979797, -0.16328303515911102, -0.22418168187141418, -0.8777879476547241, -0.3059493899345398, -0.6276330351829529, 0.6540370583534241, 0.6697218418121338, -0.9183436036109924, -0.974647045135498, 0.3395535945892334, 0.8944224119186401, 0.9251568913459778, 0.5054973363876343, -0.02414330653846264, 0.16770704090595245, 1.1701654195785522, 1.3128036260604858, 1.6783440113067627, 0.14587412774562836, 1.6973679065704346, 1.3887208700180054, 1.238403081893921, 0.8319610953330994, 0.8015098571777344, 1.8051366806030273, 0.5543109774589539, -0.2435891181230545, -0.5307789444923401, -0.7204501032829285, 0.6070000529289246, 0.7228190302848816, -0.19198980927467346, -0.08365015685558319, 0.2864716649055481, 0.1424115151166916, 0.1381789892911911, 1.0342096090316772, 8.775286674499512, 0.022730285301804543, 0.49300336837768555, 0.07409679889678955, -0.0057076746597886086, 0.08429615944623947, 0.5798174142837524, 0.13267160952091217, 0.06348253041505814, 0.020244549959897995, 0.8248036503791809, 0.2853703796863556, 0.08943064510822296, 0.7116469740867615, 0.008210666477680206, 0.3688572645187378, 0.033121366053819656, -0.010624147951602936, -0.02053007110953331, 0.23542183637619019, 0.09949158877134323, -0.1232651025056839, -0.038979459553956985, 0.027997154742479324, -0.41716232895851135, 0.5034567713737488, -0.1151868999004364, -0.8882778286933899, 0.44462496042251587, 0.001714662415906787, -0.6331499218940735, -0.1914818286895752, 0.0574769489467144, 1.1226997375488281, 2.0312423706054688, -0.2743217349052429, 0.0, -0.38999998569488525, 0.47999998927116394, -0.22206895053386688, -0.6671021580696106, 0.6765443682670593, 0.2189696580171585, 0.27950742840766907, -0.17255370318889618, 0.21661679446697235, 0.9193354249000549, -0.008882341906428337, -0.41642168164253235, 0.527564287185669, -0.07194145023822784, 0.507122278213501, 0.8528690338134766, -0.10131973773241043, -0.5351223945617676, 0.6394466161727905, -0.12375321984291077, -20.06366729736328, -4.9962921142578125, -3.7913668155670166, 0.008398923091590405, -0.4336368441581726, 0.516355037689209, 0.010083676315844059, 0.2996785044670105, 0.9539627432823181, -0.006782404612749815, -0.45625224709510803, 0.784389078617096, 0.25666335225105286, -21.512964248657227, -0.17672038078308105, -2.7361948490142822, 0.04076426848769188, -0.445648729801178, 0.4816723167896271, 0.014601572416722775, -0.202167347073555, 0.9746901988983154, -0.09430819749832153, -0.8486878275871277, 0.18775779008865356, 0.5441815853118896, -15.492595672607422, -2.375178337097168, -6.792550086975098, 0.05964791029691696, -0.41784462332725525, 0.5076422095298767, -0.08838168531656265, 0.5524958372116089, 0.8246970176696777, -0.08253311365842819, -0.24292340874671936, -0.14833849668502808, -0.2881942391395569, -2.3253896236419678, -0.08976849168539047, 0.1058795154094696, -0.07393995672464371, -0.36826181411743164, 0.47682273387908936, -0.6389797925949097, -0.518700122833252, 0.5637177228927612, 0.06983716785907745, -0.31532880663871765, 0.26545450091362, -0.033773504197597504, -0.1213277131319046, -0.9003364443778992, -4.346893787384033, -0.01718943566083908, 1.2857582569122314, 2.561231851577759, 0.013578696176409721, -0.0034524952061474323, 0.0005514787626452744, 0.43692973256111145, -0.23801015317440033, 3.301973581314087, 0.05991237238049507, -0.0011480182874947786, -0.005980867426842451, -0.08144183456897736, -2.876544952392578, 3.8917722702026367, 0.04628246650099754, -0.002107751090079546, 0.0011551373172551394, -0.0309678316116333, 1.9599015712738037, 1.3681776523590088, 0.018774373456835747, -0.0023525909055024385, 0.001638846704736352, -1.7965282201766968, -1.3390543460845947, -0.4922986626625061, 0.0016310855280607939, -0.010235017165541649, 0.014703270047903061, 1.0, 0.43567126989364624, -0.046505093574523926, 1.0, 1.0, 0.6942247152328491, 1.0, 1.0, 1.0, -0.08611413091421127, 1.0, -1.0, -1.0, -1.0, 1.0, -1.0, -1.0, 1.0, 1.0, 1.0]
[0.26086530089378357, -0.1103697195649147, -0.32405999302864075, 0.28430885076522827, 0.3955768644809723, 0.3458772897720337, 0.4560854732990265, -0.02733868919312954, 0.29653239250183105, 0.21127831935882568, -0.023172158747911453, -0.8147392868995667, 0.011647301726043224, -0.12281432747840881, -0.9202935695648193, -0.42377156019210815, -0.6959981918334961, 0.713295042514801, 0.7431256175041199, -0.932258665561676, -0.9836445450782776, 0.44552141427993774, 0.914246141910553, 0.9383095502853394, 0.5353065729141235, 0.20972804725170135, -0.10059750080108643, 1.5305862426757812, 1.0964537858963013, 1.3786431550979614, 0.2890640199184418, 1.7619335651397705, 1.2472093105316162, 1.6211427450180054, 0.3135760724544525, 0.7620152831077576, 1.4576973915100098, 1.413525938987732, -0.17048683762550354, -0.45410647988319397, -0.5840994715690613, 0.5155383348464966, 0.6521925330162048, -0.15974640846252441, -0.05083342269062996, 0.2481464147567749, 0.1138724610209465, 0.11331575363874435, 0.10450925678014755, 3.3607828617095947, -0.027400538325309753, 0.24853266775608063, 0.03354186564683914, -0.010687706992030144, 0.008287152275443077, 0.22635892033576965, 0.025649942457675934, 0.0018103799084201455, -0.16215142607688904, 0.10109491646289825, -0.037898898124694824, 0.014727234840393066, 0.2969622313976288, 0.009817066602408886, 0.1776312291622162, 0.017599092796444893, -0.007955366745591164, -0.0031775799579918385, 0.08762143552303314, 0.03492908179759979, -0.052833352237939835, -0.017055774107575417, 0.020965630188584328, -0.41656285524368286, 0.511774480342865, -0.21629175543785095, -0.8787834048271179, 0.42467084527015686, 0.02474188804626465, -0.37261298298835754, 0.06898694485425949, 0.5389073491096497, 0.3606093227863312, -0.17274999618530273, -2.0317037105560303, 0.0, -0.38999998569488525, 0.47999998927116394, -0.22206895053386688, -0.6671021580696106, 0.6765443682670593, 0.2189696580171585, 0.2693701982498169, -0.22794628143310547, 0.12711285054683685, 0.9269964098930359, -0.017863430082798004, -0.40702325105667114, 0.5307712554931641, -0.07363903522491455, 0.6486238241195679, 0.7542123198509216, -0.07090941816568375, -0.48808377981185913, 0.6979575157165527, -0.07569938153028488, -20.65911293029785, -4.198668956756592, -2.561614513397217, 0.0002108503831550479, -0.42418280243873596, 0.5234719514846802, 0.027158359065651894, 0.4766536056995392, 0.8783981800079346, 0.021915705874562263, -0.38661232590675354, 0.835432767868042, 0.14993877708911896, -24.175243377685547, 1.6158453226089478, -3.468386650085449, 0.029023807495832443, -0.4446862041950226, 0.49023064970970154, 0.002118191681802273, -0.055734191089868546, 0.9971829056739807, -0.050152700394392014, -0.6431034207344055, 0.40003836154937744, 0.5717626810073853, -19.162704467773438, -1.5842583179473877, -4.227459907531738, 0.054861925542354584, -0.42039981484413147, 0.5051941275596619, -0.08700796216726303, 0.5730595588684082, 0.8107717037200928, -0.08174078911542892, -0.3047458827495575, -0.11230237782001495, -0.0954037755727768, -3.47629714012146, -0.4155883491039276, -0.4518761932849884, -0.07891308516263962, -0.3646226227283478, 0.4771319031715393, -0.6617030501365662, -0.4921204149723053, 0.5595887303352356, 0.08262533694505692, -0.3192843794822693, 0.26582181453704834, 0.06037820130586624, -1.3588405847549438, -0.7996439337730408, -4.262242317199707, -0.09564647078514099, 0.7806446552276611, 0.9102025628089905, 0.0010219626128673553, 0.005860405974090099, 0.0016438449965789914, -0.052046533674001694, 0.43868887424468994, 0.8392992615699768, 0.008390713483095169, 0.0029743434861302376, 0.0009910104563459754, -1.072326421737671, 0.040559135377407074, 0.260990709066391, 0.015335621312260628, -0.0017171765211969614, 0.01615900732576847, 0.030800506472587585, 0.954789400100708, 0.6022634506225586, 0.00636647455394268, -0.0018223264487460256, -0.001233947928994894, -0.7556546330451965, -0.4328617453575134, -0.2167557030916214, 0.0005474096396937966, -0.0049653020687401295, 0.0044898479245603085, 1.0, 0.26262205839157104, -0.49506741762161255, 1.0, 1.0, 1.0, 1.0, 1.0, 1.0, 0.07009807974100113, 1.0, -1.0, -1.0, -1.0, 1.0, -1.0, -1.0, 1.0, 1.0, 1.0]
[0.3887954652309418, -0.02979232929646969, -0.38264161348342896, 0.43251627683639526, 0.5016282200813293, 0.478227823972702, 0.5223997235298157, 0.13997963070869446, 0.4182985723018646, 0.37202519178390503, 0.056813858449459076, -0.757279098033905, 0.15848810970783234, 0.05082542449235916, -0.9605054259300232, -0.5206158757209778, -0.7540025115013123, 0.762864887714386, 0.8061514496803284, -0.9437610507011414, -0.9739736318588257, 0.5330824851989746, 0.9322553277015686, 0.9495346546173096, 0.43428611755371094, 0.8023539781570435, -0.3156827390193939, 1.2643179893493652, 0.918157696723938, 1.142120599746704, 0.24313199520111084, 1.4591292142868042, 1.0598481893539429, 1.384118676185608, 0.41274428367614746, 0.4485397934913635, 1.3175114393234253, 1.6947015523910522, -0.1727246791124344, -0.3675220012664795, -0.5002959370613098, 0.4274544417858124, 0.5409977436065674, -0.13188236951828003, 0.14345435798168182, 0.20314137637615204, 0.10566309839487076, 0.09739165008068085, -2.7109737396240234, 6.135387420654297, -0.04133755341172218, 0.09705731272697449, -0.04530742019414902, -0.02992478385567665, -0.028723357245326042, 0.20529083907604218, -0.018891645595431328, -0.03204159811139107, -0.013646505773067474, 0.34311237931251526, 0.06434362381696701, 0.007972842082381248, 0.515474796295166, -0.06087615340948105, 0.28441163897514343, 0.025563601404428482, -0.013374745845794678, -0.01939462125301361, 0.13044072687625885, 0.05965908616781235, -0.1223379522562027, -0.03763871639966965, 0.015905186533927917, -0.4146321415901184, 0.5232124328613281, -0.2770576775074005, -0.8617489337921143, 0.41898036003112793, 0.07129675149917603, -0.25338202714920044, 0.15688355267047882, 0.7947818040847778, 0.004672800190746784, 0.3125699758529663, -1.8371858596801758, 0.0, -0.38999998569488525, 0.47999998927116394, -0.22206895053386688, -0.6671021580696106, 0.6765443682670593, 0.2189696580171585, 0.258674293756485, -0.2355339080095291, 0.050050489604473114, 0.9354711771011353, -0.025393709540367126, -0.3956235945224762, 0.5368290543556213, -0.07661885023117065, 0.7713797688484192, 0.6296005845069885, -0.052019137889146805, -0.36591508984565735, 0.6362301111221313, 0.10587427020072937, -20.34497833251953, -3.426729202270508, -0.8874930143356323, -0.005992005579173565, -0.4129217565059662, 0.5331575274467468, 0.049801066517829895, 0.6408774852752686, 0.7648630738258362, 0.04219335317611694, -0.24541564285755157, 0.7659198045730591, 0.27441567182540894, -23.363468170166016, 2.5062122344970703, -2.9266598224639893, 0.019654206931591034, -0.4423610270023346, 0.502241313457489, -0.0006911309319548309, 0.11629767715930939, 0.9930803775787354, -0.016301138326525688, -0.5227356553077698, 0.5021483302116394, 0.7705099582672119, -21.32485008239746, -0.5249002575874329, -4.172291278839111, 0.05023670569062233, -0.42181673645973206, 0.5085052251815796, -0.0835130587220192, 0.6061314940452576, 0.7867791652679443, -0.08129413425922394, -0.24959297478199005, -0.021235669031739235, 0.2837648093700409, -5.836204528808594, -0.2516500949859619, -0.33586257696151733, -0.0836091935634613, -0.3612443506717682, 0.4805619716644287, -0.6839669942855835, -0.45264872908592224, 0.5662748217582703, 0.0814308226108551, -0.2877694070339203, 0.22169528901576996, 0.31957462430000305, -4.634515762329102, -0.47774675488471985, -4.21115255355835, -0.4573620855808258, 1.4189813137054443, -0.31762585043907166, -0.008640065789222717, 0.0071598538197577, 0.0007661208510398865, -0.3507470488548279, 1.4893251657485962, 0.4778050184249878, -0.009701724164187908, 0.003952637780457735, -0.0008472551126033068, -0.3255484998226166, -0.0014156550168991089, 1.7318333387374878, 0.007951606996357441, -0.0008355546742677689, -0.0018293719040229917, -0.5043506622314453, 1.6238023042678833, 0.8639886379241943, 0.010982289910316467, 0.0008138589910231531, 0.0014994088560342789, -1.7446308135986328, -0.6920195817947388, -0.6612453460693359, 0.0015690467553213239, -0.009724626317620277, 0.010614478960633278, 0.7820671796798706, 1.0, -0.8541035056114197, 0.9801467657089233, 1.0, 1.0, 1.0, 1.0, 1.0, -0.2927234172821045, 1.0, -1.0, -1.0, -1.0, 1.0, -1.0, -0.7929084897041321, 1.0, 1.0, 1.0]
[0.48541131615638733, 0.10189346224069595, -0.48371025919914246, 0.5392956137657166, 0.5899695158004761, 0.588409423828125, 0.5903586745262146, 0.2715218961238861, 0.520586371421814, 0.5024515390396118, 0.09660875052213669, -0.7357669472694397, 0.27172842621803284, 0.20886409282684326, -0.9881405234336853, -0.599513053894043, -0.801004946231842, 0.8039358258247375, 0.857754111289978, -0.95344477891922, -0.9324148893356323, 0.6066939830780029, 0.9466235041618347, 0.9587380886077881, 0.30996179580688477, 1.002648949623108, -0.508297324180603, 1.0340641736984253, 0.7564594745635986, 0.9504850506782532, 0.37501290440559387, 1.0342754125595093, 0.8854614496231079, 1.107495665550232, -0.37307676672935486, -0.07232653349637985, 0.6674869656562805, 1.1520365476608276, -0.08933863043785095, -0.30149784684181213, -0.3917265832424164, 0.35441550612449646, 0.4420212209224701, -0.11139344424009323, 0.3900113105773926, 0.17462587356567383, 0.07802000641822815, 0.07791028171777725, -3.045257568359375, 1.7076501846313477, -0.039076268672943115, 0.08761084079742432, 0.0019545555114746094, -0.009847568348050117, 0.017253106459975243, -0.009779155254364014, -0.04374482482671738, -0.02854018472135067, -0.5094156861305237, -0.11004325747489929, -0.17066118121147156, -0.10047611594200134, 0.15788733959197998, -0.06276261806488037, 0.11475030332803726, 0.013580676168203354, -0.005916524678468704, -0.004160432610660791, 0.0194596815854311, 0.013528348878026009, -0.056580379605293274, -0.016855856403708458, 0.012785139493644238, -0.410224050283432, 0.5352152585983276, -0.24723133444786072, -0.8632875084877014, 0.4138294756412506, 0.14952027797698975, -0.18366722762584686, 0.32522764801979065, 0.6818365454673767, 0.7658335566520691, 2.0490498542785645, 0.7565956711769104, 0.0, -0.38999998569488525, 0.47999998927116394, -0.22206895053386688, -0.6671021580696106, 0.6765443682670593, 0.2189696580171585, 0.2870534062385559, -0.1646527349948883, 0.016239771619439125, 0.943517804145813, -0.030777184292674065, -0.3847503662109375, 0.5437891483306885, -0.08413652330636978, 0.8612043857574463, 0.499268501996994, -0.04448460787534714, -0.26918691396713257, 0.5310590267181396, 0.15298311412334442, -18.475093841552734, -2.794368267059326, 0.8783687353134155, -0.009831655770540237, -0.4012815058231354, 0.5433119535446167, 0.07365147024393082, 0.7670431733131409, 0.6349679827690125, 0.05509829521179199, -0.13794392347335815, 0.6017897129058838, 0.2521451413631439, -19.90444564819336, 2.7697176933288574, -3.2928218841552734, 0.013213684782385826, -0.438959538936615, 0.5160893201828003, 0.0022994077298790216, 0.2673291265964508, 0.9635867476463318, 0.005508440546691418, -0.16910313069820404, 0.3611784875392914, 0.621160626411438, -13.737318992614746, 0.13968351483345032, 0.327821284532547, 0.046725254505872726, -0.4216504991054535, 0.5165241956710815, -0.07976241409778595, 0.6477385759353638, 0.7530912756919861, -0.08322317898273468, -0.1785973608493805, 0.06805282086133957, 0.4484418034553528, -6.735919952392578, -0.25872859358787537, -0.05669603496789932, -0.08781583607196808, -0.35778436064720154, 0.48669737577438354, -0.7034351229667664, -0.40054938197135925, 0.5830374360084534, 0.06932835280895233, -0.26100045442581177, 0.2487526684999466, 0.4399321675300598, -6.132292747497559, 0.1403276026248932, -4.321020126342773, -0.3520486056804657, 0.43463125824928284, -0.02317526377737522, -0.003328099614009261, 0.007785669527947903, -0.002962726168334484, -0.4645841121673584, 0.4852556586265564, -0.5853965282440186, -0.02126135304570198, -0.007126431912183762, 0.00046012672828510404, -2.705091953277588, 1.7337841987609863, -1.4667887687683105, -0.07446935772895813, 0.022502029314637184, 0.04240836203098297, -0.45711907744407654, 0.6139497756958008, 0.3341105282306671, 0.0032927209977060556, 0.0018678385531529784, -0.0009263114188797772, -0.7571213245391846, -0.10717321187257767, -0.37204509973526, 0.0016240749973803759, -0.004741918295621872, 0.0025995103642344475, 0.6097685694694519, 1.0, -1.0, 0.5410706996917725, 1.0, 1.0, 1.0, 1.0, 1.0, -0.4596726596355438, 1.0, -1.0, -1.0, -1.0, 1.0, -1.0, -0.5664075613021851, 1.0, 1.0, 1.0]
[0.5684524178504944, 0.24090339243412018, -0.5622742772102356, 0.621670663356781, 0.6554082036018372, 0.677039623260498, 0.6723980903625488, 0.35687339305877686, 0.6056225895881653, 0.608324408531189, -0.01015537604689598, -0.7211353182792664, 0.315293550491333, 0.2805609405040741, -0.9985395669937134, -0.6664167642593384, -0.8371387124061584, 0.8380016088485718, 0.9001900553703308, -0.961597204208374, -0.8658861517906189, 0.6695840954780579, 0.9561168551445007, 0.9658861756324768, 0.30587124824523926, 0.9628326296806335, -0.22488267719745636, 0.5848948955535889, 0.5235135555267334, 0.7217830419540405, 0.2529006600379944, 0.5492071509361267, 0.7342897653579712, 0.9125016331672668, -0.2790079116821289, 0.45540985465049744, 0.4801470935344696, 0.4889877736568451, -0.021199041977524757, -0.25916337966918945, -0.2999657988548279, 0.2942699193954468, 0.3660009801387787, -0.09329771995544434, 0.5328549742698669, 0.14870226383209229, 0.0509147010743618, 0.06043074652552605, -0.42091578245162964, -0.5357628464698792, 0.0359354205429554, -0.10967348515987396, -0.049088895320892334, -0.025071948766708374, -0.034140296280384064, -0.10238999128341675, -0.04482420161366463, -0.021402031183242798, 0.13786843419075012, 0.1610913723707199, 0.09080907702445984, 0.0192781500518322, -0.03652384132146835, 0.0012457736302167177, 0.007069578859955072, 0.0028990954160690308, -0.0018543971236795187, 0.012210640124976635, 0.00555387232452631, 0.0042491196654737, -8.936651283875108e-05, 0.0011665148194879293, 0.008461590856313705, -0.40202978253364563, 0.5445496439933777, -0.13685588538646698, -0.8693196773529053, 0.4367986023426056, 0.18644189834594727, -0.2865712344646454, 0.5025043487548828, 0.550049364566803, -0.7633056640625, 0.9423613548278809, 1.7195838689804077, 0.0, -0.38999998569488525, 0.47999998927116394, -0.22206895053386688, -0.6671021580696106, 0.6765443682670593, 0.2189696580171585, 0.30817970633506775, -0.0615684911608696, 0.07126147300004959, 0.9466552138328552, -0.035051632672548294, -0.37485289573669434, 0.5497799515724182, -0.0870853140950203, 0.9201833605766296, 0.37957707047462463, -0.03999912738800049, -0.20604011416435242, 0.3795645236968994, 0.1701495200395584, -13.789649963378906, -1.6942496299743652, -0.32257479429244995, -0.012651311233639717, -0.39114513993263245, 0.5515058040618896, 0.09972497075796127, 0.8506954312324524, 0.5119686126708984, 0.06527185440063477, -0.13506019115447998, 0.409475177526474, 0.21196189522743225, -15.467813491821289, 2.6320741176605225, -2.9050416946411133, 0.010416081175208092, -0.4354032874107361, 0.5291392207145691, 0.00019567405979614705, 0.354971319437027, 0.9348770380020142, 0.0003196973411832005, -0.20177899301052094, 0.4427206218242645, 0.7202741503715515, -11.938495635986328, 0.10236374288797379, -0.1371014267206192, 0.043565213680267334, -0.4203057587146759, 0.5258123874664307, -0.07584527879953384, 0.6888592839241028, 0.7158900499343872, -0.08498066663742065, -0.1867644190788269, 0.10966742038726807, 0.45606517791748047, -6.506948471069336, -0.24428856372833252, -0.22476795315742493, -0.09190285205841064, -0.3533260226249695, 0.49342769384384155, -0.719230592250824, -0.342035174369812, 0.6021340489387512, 0.056158579885959625, -0.2682478129863739, 0.34199413657188416, 0.4314439594745636, -6.194462299346924, 0.45238882303237915, -4.71523904800415, -0.1843416839838028, -0.17048360407352448, -0.7527767419815063, -0.027629204094409943, -0.006076262332499027, 0.004300199914723635, -0.049357764422893524, -0.16706638038158417, -0.7658324241638184, -0.02390802651643753, 0.006770568899810314, -0.0019835676066577435, 0.6315213441848755, -0.3492220938205719, 0.9785548448562622, 0.014039818197488785, -0.009621820412576199, -0.013020357117056847, 0.0013677668757736683, -0.005288251675665379, 0.01733279973268509, -0.0019337211269885302, -0.0006045085610821843, -0.001655556377954781, 0.08415601402521133, -0.07321307063102722, 0.025795042514801025, 0.001586807076819241, -0.00017998155090026557, -0.0016214533243328333, 1.0, 1.0, -0.6527852416038513, 0.41059625148773193, 0.91318678855896, 1.0, 1.0, 1.0, 1.0, -0.27324917912483215, 0.9491867423057556, -1.0, -1.0, -1.0, 1.0, -1.0, -0.4161362946033478, 1.0, 1.0, 1.0]
[0.6463812589645386, 0.3657614588737488, -0.6246784925460815, 0.6917873024940491, 0.6329610347747803, 0.718187689781189, 0.7350002527236938, 0.436970055103302, 0.6750770807266235, 0.6956812143325806, -0.0018032966181635857, -0.60313880443573, 0.31709951162338257, 0.3189038336277008, -0.9698752164840698, -0.7227455973625183, -0.8649597764015198, 0.8140573501586914, 0.9193196892738342, -0.9683557748794556, -0.798047661781311, 0.7259402275085449, 0.9186112284660339, 0.9718640446662903, 0.2801489233970642, 0.8347637057304382, -0.27139976620674133, 0.6091729402542114, -0.5919529795646667, 0.03933572769165039, 0.30327343940734863, 0.8806605339050293, 0.5941080451011658, 0.7487950921058655, 0.25640758872032166, 1.461360216140747, -0.17270998656749725, 0.15516982972621918, 0.2157226800918579, -0.2159983217716217, -0.234348326921463, -0.49295148253440857, -0.02396528795361519, -0.07689370959997177, 0.46513721346855164, 0.13397809863090515, -0.3770672082901001, 0.05183120444417, -0.6854841113090515, -1.1883227825164795, -0.0018106747884303331, -0.0785147026181221, -0.07530185580253601, -0.05769630894064903, 0.00376259908080101, 0.06557252258062363, 0.023915451020002365, -0.0028951549902558327, 0.11701102554798126, 0.1391991376876831, 0.03809512034058571, -0.007679683621972799, -0.037232909351587296, -0.003958352375775576, -0.0006936251884326339, -0.03722376376390457, -0.03165628761053085, 0.007311685476452112, -0.11294859647750854, -0.0560525506734848, -0.0343519002199173, -0.012219792231917381, 0.003279400058090687, -0.3921033442020416, 0.5528725385665894, -0.08672504127025604, -0.8422675132751465, 0.5102413892745972, 0.15072456002235413, -0.33488330245018005, 0.6467278599739075, 0.4887288510799408, -2.455990791320801, -0.8506094217300415, 1.533564567565918, 0.0, -0.38999998569488525, 0.47999998927116394, -0.22206895053386688, -0.6671021580696106, 0.6765443682670593, 0.2189696580171585, 0.24392929673194885, -0.029246916994452477, 0.13894255459308624, 0.9593424797058105, -0.03853132575750351, -0.3665390610694885, 0.5554593801498413, -0.08520683646202087, 0.9451461434364319, 0.31265634298324585, -0.04104180261492729, -0.18809235095977783, 0.4000530242919922, 0.30139145255088806, -4.446775436401367, 0.2326250672340393, -0.009911268949508667, -0.014645276591181755, -0.38171136379241943, 0.5574942231178284, 0.12379959970712662, 0.9072379469871521, 0.395892471075058, 0.06972891092300415, -0.08224272727966309, 0.4193575084209442, 0.12984740734100342, -14.85054874420166, 3.065495729446411, -3.2243735790252686, 0.006069602444767952, -0.42844608426094055, 0.5440407395362854, 0.006309565156698227, 0.4457367956638336, 0.8950533270835876, 0.012587523087859154, -0.2614608407020569, 0.609733521938324, 0.7637894153594971, -11.391927719116211, 0.18749374151229858, -2.672896385192871, 0.04044670984148979, -0.41904664039611816, 0.5352581739425659, -0.07208583503961563, 0.7087426781654358, 0.6965804696083069, -0.08522345125675201, -0.1748613715171814, 0.07134745270013809, 0.5480479598045349, -1.1543779373168945, 0.22844740748405457, -0.3068687915802002, -0.0956287831068039, -0.3485811650753021, 0.49991634488105774, -0.7240967154502869, -0.2862159311771393, 0.6261086463928223, 0.04186103492975235, -0.22764582931995392, 0.31125256419181824, 0.43481919169425964, -6.153912544250488, 2.045499563217163, -3.322207450866699, -0.06162174791097641, 0.33662867546081543, -0.6972552537918091, -0.05264687538146973, 1.2876666914962698e-05, -0.0011633766116574407, -0.18277212977409363, -0.06333033740520477, 0.3267917335033417, -0.003845110535621643, -0.0010580242378637195, 0.0015514686238020658, 0.4327470064163208, 0.09546243399381638, 0.5464359521865845, -0.006247745826840401, -0.009308270178735256, -0.010139182209968567, 0.009014223702251911, 0.3579738140106201, -0.3085237145423889, -0.02628668211400509, 3.699234366649762e-05, -0.0038795177824795246, -0.3386493921279907, 0.6347678899765015, 0.002163008553907275, -0.0025104612577706575, -0.006801401264965534, -0.004959683399647474, 1.0, 1.0, -1.0, 1.0, 0.08079634606838226, 1.0, 1.0, 1.0, 1.0, 0.6235052943229675, 0.30896708369255066, -0.6356267333030701, -1.0, -1.0, 0.38196611404418945, -1.0, -0.46797409653663635, 1.0, 0.46680977940559387, 1.0]
[0.715846061706543, 0.4764631390571594, -0.6901686787605286, 0.7548854947090149, 0.5456163883209229, 0.702483057975769, 0.8453486561775208, 0.5479127168655396, 0.731715202331543, 0.767041802406311, -0.03699347749352455, -0.4702334403991699, 0.3125273883342743, 0.3232102394104004, -0.8668909668922424, -0.7694239020347595, -0.8881733417510986, 0.6992664337158203, 0.8974655866622925, -0.9740211367607117, -0.7199470400810242, 0.7716497778892517, 0.8472896218299866, 0.9767082929611206, 0.24332058429718018, 0.7440618276596069, -0.279392808675766, 0.6148681044578552, -0.9190816879272461, -0.25292909145355225, 0.3649772107601166, 1.1643998622894287, 0.4866313636302948, 0.6106073260307312, -0.12427910417318344, 1.0310291051864624, 0.017096512019634247, 0.0007145763956941664, 0.624698281288147, -0.17842015624046326, -0.19966691732406616, -1.3572834730148315, -0.3519943952560425, -0.06407428532838821, 0.6199331283569336, 0.10595308989286423, -0.47012534737586975, 0.04104159399867058, -0.9706454277038574, -1.092146396636963, -0.005964592099189758, -0.023837365210056305, -0.0059827230870723724, -0.010098719969391823, -0.06228072941303253, 0.03440316393971443, 0.01404364500194788, -0.00456297816708684, 0.07561405003070831, -0.1675586700439453, -0.03226984664797783, -0.005657339468598366, 0.04704911634325981, -0.009709701873362064, 0.03592942655086517, -0.03196486085653305, -0.026567578315734863, 0.004924661014229059, -0.04700964316725731, -0.021710410714149475, 0.0017331895651295781, 0.0013941270299255848, 0.0006583296344615519, -0.3828939199447632, 0.5592862963676453, -0.10556529462337494, -0.7941734194755554, 0.5825594067573547, 0.13699989020824432, -0.06306871026754379, 0.5237375497817993, 0.3152881860733032, -1.8718498945236206, 0.34808188676834106, -0.5247622132301331, 0.0, -0.38999998569488525, 0.47999998927116394, -0.22206895053386688, -0.6671021580696106, 0.6765443682670593, 0.2189696580171585, 0.15597476065158844, -0.02455819956958294, 0.14081470668315887, 0.977363646030426, -0.04131254553794861, -0.3592284619808197, 0.560964822769165, -0.08251700550317764, 0.9501815438270569, 0.296713650226593, -0.04802922531962395, -0.1625884473323822, 0.4226217567920685, 0.29713213443756104, -0.967934250831604, 0.9563236236572266, 0.048187270760536194, -0.015289276838302612, -0.3717958331108093, 0.5613360404968262, 0.1554749608039856, 0.9456132054328918, 0.27633020281791687, 0.07269611954689026, -0.013600695878267288, 0.40135085582733154, 0.04364107549190521, -14.361544609069824, 3.6759719848632812, -3.598724842071533, 0.0032861889339983463, -0.4197841286659241, 0.5570086240768433, 0.010841344483196735, 0.5200017690658569, 0.8539538979530334, 0.015599807724356651, -0.1403321623802185, 0.5728979706764221, 0.5420588850975037, -8.948162078857422, 0.5171111226081848, -0.5953430533409119, 0.03740355372428894, -0.4180584251880646, 0.5458425283432007, -0.07200700789690018, 0.6975229382514954, 0.7080514430999756, -0.083305224776268, -0.17636702954769135, 0.070636086165905, 0.7119286060333252, 3.66546368598938, 0.025387804955244064, -0.06498198956251144, -0.0989932045340538, -0.343302458524704, 0.5061900615692139, -0.7200450301170349, -0.23134543001651764, 0.6535537242889404, 0.029695555567741394, -0.21108068525791168, 0.3845070004463196, 0.42753493785858154, -5.892228603363037, 2.7357277870178223, -3.7143969535827637, -0.07850921154022217, -0.1259332150220871, -0.006288578268140554, -0.01198771595954895, 0.0004423234495334327, -0.0018400370609015226, -0.023881422355771065, -0.09949927031993866, 0.20411671698093414, -0.006055466830730438, 0.010478431358933449, -0.008388224989175797, 0.2445632964372635, -0.2840867340564728, -0.8993110656738281, -0.009918639436364174, -0.008806806989014149, -0.007719299290329218, 0.021683216094970703, 0.49855735898017883, -0.19776858389377594, -0.019089218229055405, 0.0011714836582541466, -0.0059889680705964565, 0.11264991015195847, 0.132166787981987, -0.023890120908617973, 0.001079988549463451, -0.0004082710365764797, -0.0027989279478788376, 1.0, 1.0, -1.0, 1.0, -0.054056718945503235, 1.0, 1.0, 1.0, 1.0, 0.5970309376716614, 0.5553226470947266, 0.050842076539993286, -1.0, -1.0, -0.25478750467300415, -1.0, -0.20470482110977173, 1.0, 0.40467581152915955, 1.0]
[0.7765594124794006, 0.5740867257118225, -0.7470724582672119, 0.8062265515327454, 0.4394621253013611, 0.6704905033111572, 0.9180751442909241, 0.6691839694976807, 0.7785041332244873, 0.8255323767662048, -0.03362000733613968, -0.3619474172592163, 0.3106699585914612, 0.32211875915527344, -0.7575476765632629, -0.8074854612350464, -0.9064486026763916, 0.5609083771705627, 0.8538154363632202, -0.9776789546012878, -0.6790153384208679, 0.8172114491462708, 0.8200498223304749, 0.9801537990570068, 0.21353447437286377, 0.6501849293708801, -0.20892556011676788, 0.39952611923217773, -1.0117955207824707, -0.3291704058647156, 0.27552351355552673, 1.1233201026916504, 0.4040651023387909, 0.503781259059906, 0.04453291371464729, 0.944088876247406, -0.06831839680671692, -0.03002864494919777, 0.4391659200191498, -0.14568425714969635, -0.15262667834758759, -1.233258605003357, -0.42545390129089355, -0.03910331800580025, 0.1159011721611023, 0.11061512678861618, -0.004317156970500946, 0.029264351353049278, -0.7610316276550293, -1.0356512069702148, 0.0038918571081012487, -0.0816243588924408, -0.01304994709789753, -0.003757277736440301, -0.013331575319170952, -0.031954556703567505, -0.007503838278353214, -0.00847866851836443, -0.010879877023398876, -0.0857146680355072, -0.02663547173142433, -0.007458058185875416, -0.24458816647529602, -0.020718902349472046, -0.10214550793170929, 0.003140715416520834, 0.008824797347187996, 0.003986299969255924, -0.2675348222255707, -0.13768361508846283, 0.06892287731170654, 0.024902991950511932, 0.00043920433381572366, -0.3749675750732422, 0.5633302927017212, -0.14149363338947296, -0.7381256818771362, 0.6417313814163208, 0.15274430811405182, 0.025971870869398117, 0.44926849007606506, 0.19712281227111816, -1.7798900604248047, 0.363249272108078, -0.998918354511261, 0.0, -0.38999998569488525, 0.47999998927116394, -0.22206895053386688, -0.6671021580696106, 0.6765443682670593, 0.2189696580171585, 0.07421134412288666, -0.012949163094162941, 0.10670548677444458, 0.9914326667785645, -0.043441228568553925, -0.35280975699424744, 0.5658928155899048, -0.07825468480587006, 0.9483826756477356, 0.3020399808883667, -0.0567297600209713, -0.12130612879991531, 0.3709448575973511, 0.2911405861377716, 1.3936705589294434, 1.3420681953430176, -0.3327438533306122, -0.01495326030999422, -0.3625580072402954, 0.5631862878799438, 0.18056750297546387, 0.9677501916885376, 0.16184264421463013, 0.06827783584594727, 0.0009905509650707245, 0.3236297369003296, -0.0065076351165771484, -12.657486915588379, 3.701323986053467, -3.1651949882507324, 0.0006622408400289714, -0.4112199544906616, 0.5670080780982971, 0.017997262999415398, 0.5785768628120422, 0.8151054382324219, 0.022979354485869408, -0.12156619131565094, 0.5378197431564331, 0.42008236050605774, -7.467857837677002, 0.43136245012283325, -1.2720658779144287, 0.03479745239019394, -0.4167529046535492, 0.5556114912033081, -0.0716765969991684, 0.6725261807441711, 0.7318556308746338, -0.08341583609580994, -0.13573572039604187, 0.08665289729833603, 0.5911673903465271, 4.173939228057861, 0.7694573998451233, 0.005829388275742531, -0.10123690962791443, -0.3388004004955292, 0.5104895234107971, -0.7196815609931946, -0.18926511704921722, 0.6677233576774597, 0.019557079300284386, -0.1059069111943245, 0.25403526425361633, 0.20734252035617828, -3.7438061237335205, 0.18717339634895325, -2.1378979682922363, -0.10029584169387817, -0.36640915274620056, -0.24134165048599243, -0.00925341434776783, -0.001183170941658318, -0.00026563723804429173, -0.1365208923816681, -0.23976516723632812, -0.06534719467163086, -0.012075145728886127, 0.0019966645631939173, -0.0014084595022723079, -0.14576488733291626, -0.12904036045074463, -0.5662686824798584, -0.009393664076924324, 0.0005765948444604874, 6.318034866126254e-05, -0.1863982379436493, -0.6326857805252075, -0.22498615086078644, -0.0006654902244918048, -0.0003994834842160344, 0.0016608797013759613, 0.9447648525238037, 1.7664716243743896, -0.14862243831157684, -0.010708073154091835, 0.009786761365830898, -0.007677244953811169, 1.0, 1.0, -1.0, 1.0, -0.1750362664461136, 1.0, 1.0, 1.0, 1.0, 0.6473597884178162, 0.4476490318775177, -0.35246536135673523, -1.0, -1.0, -0.1436290293931961, -1.0, -0.7491956949234009, 1.0, 0.953580379486084, 1.0]
