1
[0.0, 0.0, 0.0, 0.0, 0.0, 0.0, 0.0, 0.0, 0.0, 0.0, 0.0, 0.0, 0.0, 0.0, 0.0, 0.0, 0.0, 0.0, 0.0, 0.0, 0.0, 0.0, 0.0, 0.0, 0.0, 0.0, 0.0, 0.0, 0.0, 0.0, 0.0, 0.0, 0.0, 0.0, 0.0, 0.0, 0.0, 0.0, 0.0, 0.0, 0.0, 0.0, 0.0, 0.0, 0.0, 0.0, 0.0, 0.0, 0.0, 0.0, 0.0, 0.0, 0.0, 0.0, 0.0, 0.0, 0.0, 0.0, 0.0, 0.0, 0.0, 0.0, 0.0, 0.0, 0.0, 0.0, 0.0, 0.0, 0.0, 0.0, 0.0, 0.0, 0.0, 0.0, 0.0, 0.0, 0.0, 0.0, 0.0, 0.0, 0.0, 0.0, 0.0, 0.0, 0.0, 0.0, 0.0, 0.0, 0.0, 0.0, 0.0, 0.0, 0.0, 0.0, 0.0, 0.0, 0.0, 0.0, 0.0, 0.0, 0.0, 0.0, 0.0, 0.0, 0.0, 0.0, 0.0, 0.0, 0.0, 0.0, 0.0, 0.0, 0.0, 0.0, 0.0, 0.0, 0.0, 0.0, 0.0, 0.0, 0.0, 0.0, 0.0, 0.0, 0.0, 0.0, 0.0, 0.0, 0.0, 0.0, 0.0, 0.0, 0.0, 0.0, 0.0, 0.0, 0.0, 0.0, 0.0, 0.0, 0.0, 0.0, 0.0, 0.0, 0.0, 0.0, 0.0, 0.0, 0.0, 0.0, 0.0, 0.0, 0.0, 0.0, 0.0, 0.0, 0.0, 0.0, 0.0, 0.0, 0.0, 0.0, 0.0, 0.0, 0.0, 0.0, 0.0, 0.0, 0.0, 0.0, 0.0, 0.0, 0.0, 0.0, 0.0, 0.0, 0.0, 0.0, 0.0, 0.0, 0.0, 0.0, 0.0, 0.0, 0.0, 0.0, 0.0, 0.0, 0.0, 0.0, 0.0, 0.0, 0.0, 0.0, 0.0, 0.0, 0.0, 0.0, 0.0, 0.0, 0.0, 0.0, 0.0, 0.0, 0.0, 0.0, 0.0, 0.0, 0.0, 0.0, 0.0]
[0.4859595000743866, 0.2389276921749115, 0.04321810603141785, -0.7057087421417236, -0.7347295880317688, -0.8406808972358704, 0.2575199007987976, -0.8876627087593079, -0.9833788871765137, -0.9553918242454529, -0.02362021803855896, -0.682720422744751, -0.6552460193634033, -0.6753383278846741, -0.8453546762466431, 0.15083855390548706, -0.9742822647094727, -0.6898440718650818, -0.7708961367607117, -0.02716468833386898, -0.8616439700126648, -0.19235491752624512, -0.08031816780567169, 0.8731465935707092, 0.148420512676239, -0.39817389845848083, -0.5935770869255066, -0.3705844283103943, 2.082491874694824, 0.4570063650608063, 0.37609657645225525, -0.08523010462522507, 0.1107320562005043, 0.03145777806639671, -0.536401629447937, -0.2995702624320984, -0.40474754571914673, -0.07909121364355087, -0.009083593264222145, 0.4341427981853485, 0.03146321326494217, -0.38226941227912903, -0.08205610513687134, -1.2259085178375244, -0.08196967095136642, -0.25039950013160706, -0.7927524447441101, 0.16726194322109222, 3.5297088623046875, -4.764832496643066, -0.02775745466351509, -0.39246752858161926, 0.04989222064614296, 0.05316359922289848, 0.2584153413772583, -0.3437345027923584, -0.11765148490667343, -0.03697482496500015, -0.02917547896504402, -0.41181808710098267, -0.1819024384021759, -0.0672241598367691, -0.43586039543151855, 0.2750840187072754, -0.3025846481323242, -0.13385383784770966, -0.049654096364974976, -0.07911194860935211, -0.2587044835090637, -0.16553595662117004, -0.02093913033604622, -0.008332857862114906, 0.0031732935458421707, -0.39285510778427124, 0.5306254029273987, 0.07099354267120361, 0.6232539415359497, -0.7752432823181152, 0.07424434274435043, -0.009239563718438148, -0.052647288888692856, -0.12227042019367218, 0.23454074561595917, 0.6649181246757507, -0.173299640417099, 0.0, -0.38999998569488525, 0.47999998927116394, -0.22206895053386688, -0.6671021580696106, 0.6765443682670593, 0.2189696580171585, 0.12754032015800476, 0.06187504529953003, -0.31102973222732544, -0.9397687315940857, -0.029779663309454918, -0.4512167274951935, 0.5169519782066345, 0.001287388033233583, -0.465685099363327, 0.8849442601203918, -0.003047648584470153, 0.0840865895152092, 0.107048898935318, -0.09426646679639816, -8.857654571533203, 0.21318419277668, 2.2095916271209717, -0.012874112464487553, -0.4583825170993805, 0.5027685761451721, -0.023190904408693314, -0.6427709460258484, 0.7652987241744995, 0.025010019540786743, -0.3190340995788574, -0.01626950316131115, -0.3759598433971405, 1.707983136177063, -0.017541898414492607, -2.6218180656433105, 0.01572360470890999, -0.44901856780052185, 0.5194821953773499, 0.005678825080394745, -0.3701566457748413, 0.9288489818572998, -0.013831513933837414, 0.05703005939722061, -0.20358850061893463, -0.5135234594345093, 5.9035797119140625, 0.25405311584472656, 1.9376246929168701, 0.03399073705077171, -0.44544512033462524, 0.5078288912773132, -0.030187077820301056, -0.5039799809455872, 0.8631865978240967, -0.0013201356632634997, -0.32410454750061035, -0.10736536234617233, -0.41163694858551025, 4.288727760314941, -0.11773449927568436, -2.789897918701172, -0.08002029359340668, -0.37043294310569763, 0.5066063404083252, -0.22280915081501007, -0.6415185928344727, 0.7034093141555786, 0.209821879863739, 0.01308651827275753, -0.06902238726615906, -0.2523779571056366, -0.9458543062210083, -5.261783123016357, 2.6283020973205566, -0.13516797125339508, -0.14955517649650574, -0.60603266954422, 0.0509202778339386, -0.006623140070587397, 0.002924463478848338, 1.3914945125579834, 1.8636095523834229, -0.1625959873199463, -0.00902068242430687, 0.010771747678518295, -0.002381645841524005, -0.1425592452287674, 2.465013027191162, -1.2228955030441284, -0.030248964205384254, -0.005616678390651941, 0.00539162615314126, 1.4822282791137695, 1.9719077348709106, -0.5420910120010376, -0.02007547952234745, 0.010632054880261421, -0.006804502569139004, -0.08887133747339249, 1.984979510307312, 0.18879033625125885, -0.01174953393638134, -0.006910912226885557, 0.01600727252662182, 1.0, -0.38146737217903137, -1.0, -1.0, 1.0, 1.0, -1.0, -0.9151771664619446, -1.0, -1.0, -1.0, -1.0, 1.0, -1.0, -1.0, -0.7443881034851074, -1.0, -1.0, -1.0, 1.0]
[0.45678991079330444, 0.1282089799642563, 0.0012087018694728613, -0.628799319267273, -0.6452121138572693, -0.790265679359436, 0.32558634877204895, -0.8254498839378357, -0.9791421890258789, -0.9528765678405762, -0.07048919796943665, -0.6399018168449402, -0.6705995202064514, -0.6835118532180786, -0.7649312019348145, 0.19950039684772491, -0.9718731045722961, -0.7069397568702698, -0.7787876129150391, -0.024435967206954956, -0.8683307766914368, -0.2967314124107361, -0.08569782972335815, 0.8919374346733093, -0.2902766466140747, -1.0100358724594116, 0.14570572972297668, 1.146611213684082, 0.13614773750305176, 0.4165450632572174, 0.020604083314538002, 1.0211995840072632, -0.0007106763077899814, 0.0104215731844306, -0.015118679963052273, 0.7581713795661926, 0.0004512950836215168, -0.04160076007246971, 0.5556010007858276, 0.06125204637646675, 0.011378275230526924, -0.04142444208264351, -0.043986838310956955, 0.7036413550376892, -0.04694490507245064, -0.2667418122291565, 0.36244046688079834, 0.17820487916469574, -10.965391159057617, -6.122992515563965, -0.04656801372766495, -0.14902541041374207, -0.20447878539562225, -0.083652064204216, -0.8138551712036133, 0.002343959640711546, 0.02135501801967621, 0.012232784181833267, -0.25109681487083435, -0.09988056123256683, 0.02012401819229126, 0.01892857626080513, -0.3741976022720337, -0.49170053005218506, -0.2643837332725525, -0.0645764097571373, -0.015070252120494843, 0.2616081237792969, -0.31695935130119324, -0.16329480707645416, -0.08071339130401611, -0.012506114318966866, 0.003127666190266609, -0.39426201581954956, 0.5271804332733154, 0.06521102041006088, 0.6360412240028381, -0.7664919495582581, 0.060737285763025284, 0.004663106519728899, -0.0990598127245903, -0.2347850203514099, 0.4195215404033661, -0.028063330799341202, -0.098564013838768, 0.0, -0.38999998569488525, 0.47999998927116394, -0.22206895053386688, -0.6671021580696106, 0.6765443682670593, 0.2189696580171585, 0.10878541320562363, 0.05369577929377556, -0.3066725730895996, -0.94405198097229, -0.027034614235162735, -0.45075738430023193, 0.5118997097015381, 0.006375468801707029, -0.4187292456626892, 0.9079837799072266, -0.013807501643896103, 0.2340739667415619, 0.03379638493061066, -0.3862680196762085, -3.4395196437835693, -0.3194277882575989, 0.7235946655273438, -0.012616608291864395, -0.458537757396698, 0.49519988894462585, -0.025552410632371902, -0.6469647884368896, 0.7613955140113831, 0.03256314992904663, 0.3136867880821228, -0.010180724784731865, -0.4911114573478699, -0.0845557302236557, 0.6836225986480713, 1.3525346517562866, 0.018574219197034836, -0.44979220628738403, 0.5109015107154846, 0.010586129501461983, -0.39341554045677185, 0.9189428687095642, -0.025612125173211098, 0.30018553137779236, -0.008783593773841858, -0.5788781046867371, 1.46799898147583, -0.06946871429681778, 1.5273782014846802, 0.03424834460020065, -0.44583913683891296, 0.4996199905872345, -0.043079398572444916, -0.5324981808662415, 0.8453242778778076, -0.0040669734589755535, 0.22587236762046814, -0.015223182737827301, -0.6455822587013245, 3.9199514389038086, -2.203502893447876, 1.1498215198516846, -0.07886981964111328, -0.3721678853034973, 0.5004183650016785, -0.21929115056991577, -0.6725919842720032, 0.6731923222541809, 0.21527522802352905, 0.12179034948348999, -0.13922961056232452, -0.5693702697753906, 8.6521577835083, 1.4588290452957153, -1.222843050956726, -0.28642624616622925, 2.630727767944336, -0.4945015609264374, -0.0441911518573761, 0.011413869448006153, -0.008579120971262455, -4.396514415740967, -0.0011947647435590625, -0.17575703561306, 0.012214863672852516, -0.034606557339429855, 0.004075516946613789, -1.452770709991455, -0.0958809182047844, -0.6451399326324463, 0.017490364611148834, -0.00036683413782157004, 0.0008809182327240705, -2.6453070640563965, 0.981384813785553, -0.9265616536140442, -0.00034947998938150704, -0.013557685539126396, 0.014402354136109352, -1.3975253105163574, 2.2744667530059814, 0.05231775343418121, -0.016420962288975716, 0.009854298084974289, -0.04322144389152527, -0.9311295747756958, -1.0, -0.4543122947216034, 0.5553613305091858, -1.0, 1.0, -0.2982056140899658, -1.0, 0.03514634072780609, -0.009194336831569672, -0.5954701900482178, -0.022046605125069618, -0.018752306699752808, -1.0, -0.681241512298584, 0.5679596662521362, -0.9626585841178894, -1.0, 0.5216394662857056, 1.0]
[0.39539971947669983, -0.025583498179912567, -0.014085781760513783, -0.5093399882316589, -0.6676198244094849, -0.7724109292030334, 0.3446088433265686, -0.7330231070518494, -0.9552890062332153, -0.9484823942184448, -0.04570997133851051, -0.5425714254379272, -0.6550414562225342, -0.6828160285949707, -0.6406323909759521, 0.16126170754432678, -0.9735600352287292, -0.6803106069564819, -0.7765229344367981, 0.06682431697845459, -0.8807153105735779, -0.402631551027298, 0.012617530301213264, 0.9091602563858032, -0.18543560802936554, -1.1285535097122192, -0.07106604427099228, 1.0048086643218994, -0.387614369392395, -0.017076104879379272, 0.018800023943185806, 0.8188552260398865, 0.3311535120010376, 0.07917583733797073, 0.16750146448612213, 0.97400963306427, 0.22094129025936127, 0.04532952979207039, 0.5762507319450378, -0.2744104564189911, -0.030664557591080666, 0.3962195813655853, 0.08377598971128464, 1.3464635610580444, -0.11797627061605453, -0.25975701212882996, 0.7373215556144714, 0.15116217732429504, 2.7463302612304688, -0.8084802627563477, 0.12236465513706207, -0.16390231251716614, -0.10029049217700958, -0.05188358947634697, 0.041118547320365906, -0.08428122848272324, -0.011623533442616463, 0.0007787341019138694, 0.1492682695388794, -0.01057466957718134, 0.014431865885853767, 0.009941699914634228, -0.07433569431304932, 0.025178879499435425, -0.06568866968154907, 0.004137449897825718, 0.008953109383583069, 0.052347876131534576, -0.10947535932064056, -0.0615568608045578, 0.06877361983060837, 0.026606351137161255, 0.0031755343079566956, -0.39625075459480286, 0.521821916103363, 0.06821919977664948, 0.6542267203330994, -0.7512131929397583, 0.05488290265202522, 0.0011894259369000793, -0.12214935570955276, -0.35089781880378723, 0.6399504542350769, 0.11682131141424179, -0.10614563524723053, 0.0, -0.38999998569488525, 0.47999998927116394, -0.22206895053386688, -0.6671021580696106, 0.6765443682670593, 0.2189696580171585, 0.08564827591180801, 0.05920044332742691, -0.3013978898525238, -0.9477967619895935, -0.02296404168009758, -0.45074647665023804, 0.5030429363250732, 0.011268019676208496, -0.41908732056617737, 0.9075289964675903, -0.025098219513893127, 0.21485915780067444, -0.021707626059651375, -0.644358217716217, 2.6434850692749023, 0.03447210043668747, 1.2775893211364746, -0.009070220403373241, -0.45813310146331787, 0.4854030907154083, -0.016898486763238907, -0.6456574201583862, 0.7628079652786255, 0.031060274690389633, 0.20282381772994995, 0.05156680569052696, -0.6108976006507874, -0.4960581660270691, 0.7531449198722839, 0.9202934503555298, 0.02169528789818287, -0.4489932358264923, 0.5015540719032288, 0.01213957741856575, -0.39431312680244446, 0.9183834195137024, -0.030686121433973312, 0.12111842632293701, 0.08165744692087173, -0.5534077882766724, -0.5553743243217468, -0.04810403659939766, 0.08003842830657959, 0.038154907524585724, -0.4452993869781494, 0.48940509557724, -0.05140078067779541, -0.5506885051727295, 0.8327621817588806, -0.024641476571559906, 0.2350746989250183, 0.03756171464920044, -0.651430606842041, 1.7335631847381592, -2.1391429901123047, 1.769909143447876, -0.07765494287014008, -0.3732554614543915, 0.4919702410697937, -0.19377091526985168, -0.7177016139030457, 0.6128358840942383, 0.26793524622917175, -0.01708398386836052, 0.04580159857869148, -0.6120839715003967, 11.356955528259277, 4.724453926086426, -3.203038454055786, 0.7323405146598816, 1.4075543880462646, -0.46697622537612915, -0.030770273879170418, 0.0034698701929301023, -0.0032106556463986635, 0.20678579807281494, 0.2252531349658966, -0.031430430710315704, 0.004157531075179577, -0.00213693268597126, 0.0005469227326102555, 0.8608651161193848, -0.16292694211006165, -0.03492460399866104, 0.007497794926166534, 0.0045136078260838985, -0.0045678867027163506, 0.09369505941867828, 0.01763114146888256, 0.02905459702014923, 0.009217576123774052, -0.003192631062120199, 0.000404801859986037, 1.1285521984100342, 0.44949668645858765, 0.04486609250307083, -0.0031827562488615513, 0.008549521677196026, -0.01088695041835308, 0.35709211230278015, -1.0, -0.8068330883979797, 0.2144457995891571, -1.0, 1.0, -0.45485129952430725, -0.7060315608978271, 0.298331618309021, 0.08341697603464127, -0.48317256569862366, 0.04164128750562668, -0.3358372449874878, -1.0, -0.3699541985988617, 0.761859655380249, -1.0, -1.0, 0.7932015657424927, 1.0]
[0.38232678174972534, -0.18493562936782837, 0.017174718901515007, -0.3754468262195587, -0.6919226050376892, -0.7796265482902527, 0.39058127999305725, -0.6738976240158081, -0.9140563011169434, -0.9366401433944702, -0.0656680092215538, -0.37674832344055176, -0.5953894853591919, -0.671173632144928, -0.5041762590408325, 0.04103245958685875, -0.9784075617790222, -0.6332882642745972, -0.7636016011238098, 0.19435974955558777, -0.8982853889465332, -0.501092791557312, 0.07888743281364441, 0.924051821231842, 0.05157608538866043, -1.1057782173156738, 0.22919800877571106, 1.3717889785766602, -0.13383977115154266, -0.0670691579580307, 0.3017956018447876, 0.3849218785762787, 0.4018345773220062, 0.12921161949634552, -0.21431176364421844, 1.842852234840393, 0.7343565821647644, 0.18169789016246796, 0.6545960307121277, -0.607663094997406, -0.052264418452978134, 0.45375558733940125, 0.14216314256191254, 1.6889870166778564, -0.13108517229557037, -0.23204270005226135, 0.23854999244213104, 0.1301465928554535, 6.021020889282227, 1.0572400093078613, 0.29032886028289795, 0.14879153668880463, 0.07815993577241898, 0.02968805842101574, 0.3239033818244934, -0.06775714457035065, -0.032767631113529205, -0.01182505115866661, 0.11481626331806183, 0.2754702866077423, 0.14429312944412231, 0.059001922607421875, 0.16108578443527222, 0.1469258815050125, 0.09405885636806488, 0.03151019290089607, 0.011268088594079018, 1.7536181985633448e-05, -0.03902193158864975, -0.019519485533237457, 0.030227461829781532, 0.008789175190031528, 0.0031169475987553596, -0.3984163999557495, 0.5144698619842529, 0.06183895096182823, 0.6796443462371826, -0.7298523187637329, 0.03968700021505356, -0.007114901673048735, -0.13051541149616241, -0.4702242314815521, 0.878382682800293, 0.5368373990058899, -0.0975474938750267, 0.0, -0.38999998569488525, 0.47999998927116394, -0.22206895053386688, -0.6671021580696106, 0.6765443682670593, 0.2189696580171585, 0.049430616199970245, 0.05505595728754997, -0.29634055495262146, -0.9522119760513306, -0.022896658629179, -0.44936221837997437, 0.49446213245391846, 0.010877678170800209, -0.4255163073539734, 0.9046269655227661, -0.021625123918056488, -0.13914628326892853, 0.14143957197666168, -0.4378510117530823, -0.33804816007614136, 0.21628642082214355, -1.3812181949615479, -0.009263897314667702, -0.45673564076423645, 0.4736955463886261, -0.014577310532331467, -0.6477813124656677, 0.7606659531593323, 0.039421722292900085, -0.17315050959587097, 0.11303215473890305, -0.7439152598381042, 0.9379928112030029, 0.960605800151825, -1.603227138519287, 0.02263808436691761, -0.4459001421928406, 0.496008962392807, 0.01120827253907919, -0.35178664326667786, 0.9352924823760986, -0.03672141581773758, -0.01162530854344368, 0.34400561451911926, -0.11372998356819153, -8.224625587463379, -0.9214975833892822, 0.7425760626792908, 0.04078257083892822, -0.4445177912712097, 0.47961127758026123, -0.06063047796487808, -0.5581222772598267, 0.8260538578033447, -0.04958215355873108, 0.0962584912776947, 0.044779494404792786, -0.5604878067970276, 0.6617397665977478, -2.776604175567627, 1.7381798028945923, -0.0779586136341095, -0.3724547028541565, 0.4834994971752167, -0.147800475358963, -0.7590478658676147, 0.5413193106651306, 0.33011338114738464, -0.09749455004930496, 0.1536315381526947, -0.5604767799377441, 12.190306663513184, 6.176772117614746, -1.3018872737884521, 1.7319672107696533, -1.0870531797409058, 0.1987658590078354, 0.013382259756326675, 0.00904606468975544, -0.008910669013857841, 1.7762433290481567, 0.3896807134151459, 0.06714612990617752, -0.005979841109365225, 0.011062035337090492, -0.0024183292407542467, 0.782149076461792, -1.8568085432052612, 0.7860562801361084, 0.031149789690971375, 0.00028368711355142295, 0.0013429223326966166, 0.7735927104949951, -0.45523378252983093, 0.4432504177093506, 0.0044395811855793, 0.0008844356634654105, 0.000402142817620188, 0.8086449503898621, -0.0632631927728653, 0.16427330672740936, 0.0011626079212874174, -0.004149144981056452, -0.0011392030864953995, 1.0, -1.0, 0.5449008345603943, 0.5367144346237183, -0.714059054851532, 1.0, -0.5277478694915771, -0.6711663603782654, -0.46990495920181274, 0.9326145648956299, -0.04937819764018059, 0.35450586676597595, -0.8664541840553284, -1.0, -0.35124310851097107, 1.0, -1.0, -1.0, 0.17865803837776184, 1.0]
[0.41556447744369507, -0.3278241753578186, 0.07573969662189484, -0.2521430552005768, -0.589830219745636, -0.7639691829681396, 0.47069621086120605, -0.6065573692321777, -0.8025421500205994, -0.9123766422271729, -0.06880779564380646, -0.28694185614585876, -0.5059406161308289, -0.6430809497833252, -0.3263525068759918, -0.11650586128234863, -0.9852163791656494, -0.6224995851516724, -0.7490599155426025, 0.3141170144081116, -0.9049515724182129, -0.5889886021614075, 0.08681658655405045, 0.9366785287857056, 0.1809694916009903, -0.9356991052627563, 0.24824972450733185, 1.029821515083313, 1.5137332677841187, 0.5249750018119812, 0.34707608819007874, 0.7658640742301941, 1.3667446374893188, 0.3504810631275177, 0.10031620413064957, 0.2764117419719696, 0.8630443811416626, 0.3846280574798584, 0.9169045686721802, -0.663841962814331, -0.06346616894006729, -0.08487380295991898, 0.07688417285680771, 1.3600273132324219, -0.0009798407554626465, -0.20506690442562103, -0.04767832159996033, 0.10954570770263672, 3.3040034770965576, 2.4862542152404785, 0.11631910502910614, 0.048045605421066284, 0.11639544367790222, 0.07893247902393341, 0.14935466647148132, 0.26404714584350586, 0.16365009546279907, 0.07147244364023209, 0.1704011857509613, -0.30354008078575134, -0.14300355315208435, -0.04438687488436699, 0.3654484152793884, 0.11675264686346054, 0.2418312132358551, 0.046373363584280014, 0.005009254440665245, -0.0680706650018692, 0.10077056288719177, 0.05784723907709122, 0.02321620285511017, 0.007025538943707943, 0.0029632023070007563, -0.400343120098114, 0.5050727725028992, 0.04348505288362503, 0.7116585373878479, -0.7010194063186646, 0.014927367679774761, -0.0105885686352849, -0.10926155745983124, -0.5925348997116089, 1.1227753162384033, 0.8050380945205688, -0.03882962465286255, 0.0, -0.38999998569488525, 0.47999998927116394, -0.22206895053386688, -0.6671021580696106, 0.6765443682670593, 0.2189696580171585, -0.0009802060667425394, 0.03953462466597557, -0.29262930154800415, -0.9554077982902527, -0.026112927123904228, -0.445715993642807, 0.4891456961631775, 0.007108592893928289, -0.37769919633865356, 0.9258736371994019, -0.00711399270221591, -0.2595907747745514, 0.3817664086818695, -0.11924991756677628, -10.681976318359375, 0.21195363998413086, -1.9911328554153442, -0.013000152073800564, -0.4541836380958557, 0.46564704179763794, -0.016085000708699226, -0.6181747913360596, 0.7836307883262634, 0.05936339870095253, -0.2961159944534302, 0.2087295949459076, -0.2082630693912506, -7.681155204772949, 2.06054425239563, -1.9955137968063354, 0.02049335651099682, -0.443441778421402, 0.4887396991252899, 0.007162664085626602, -0.3150857985019684, 0.9484697580337524, -0.03278345614671707, -0.2214510589838028, 0.12329033762216568, -0.5225589275360107, -2.9345364570617676, -0.19256888329982758, -1.4529316425323486, 0.04103068634867668, -0.44401684403419495, 0.47225379943847656, -0.07900000363588333, -0.5667083859443665, 0.8165488243103027, -0.07647544145584106, -0.05469324439764023, 0.010392455384135246, -0.3858334422111511, 1.8935140371322632, -4.021111011505127, 1.2358592748641968, -0.0793713927268982, -0.3704296946525574, 0.4763440787792206, -0.09688473492860794, -0.7892217636108398, 0.4742603600025177, 0.37791451811790466, -0.12967635691165924, 0.1930924952030182, -0.43417927622795105, 9.897541046142578, 4.701499938964844, -0.23816555738449097, 0.695940375328064, -1.7221211194992065, 0.41076019406318665, 0.05310066416859627, 0.002625377383083105, -0.0022007229272276163, 0.7923120856285095, -2.2863569259643555, 0.37508726119995117, 0.03717708960175514, 0.0041014463640749454, -8.742729551158845e-05, 1.0568602085113525, 1.7179372310638428, -0.39487922191619873, -0.018617814406752586, 0.004538979381322861, -0.008570680394768715, 0.6028822660446167, -0.7602173686027527, 0.6256515383720398, -0.0063940067775547504, 0.004230738617479801, 0.0019502947106957436, 0.5970359444618225, -0.7902536392211914, 0.029220983386039734, 0.005959953181445599, -0.0025270378682762384, 0.013516245409846306, 1.0, -0.9386683702468872, 0.44940802454948425, 0.3522223234176636, 0.605125367641449, 1.0, -0.021128274500370026, 0.1959800124168396, 0.2439214438199997, -0.4361170828342438, 0.0018311543390154839, 0.9677757024765015, -1.0, -1.0, -0.7594389319419861, 0.8774250745773315, -0.8552051186561584, -1.0, -0.019689083099365234, 1.0]
[0.4726867079734802, -0.4015595018863678, 0.14017872512340546, -0.16257210075855255, -0.38727614283561707, -0.6211608648300171, 0.5520730018615723, -0.5047866106033325, -0.6235217452049255, -0.8445713520050049, 0.02644396759569645, -0.3340516686439514, -0.4738253951072693, -0.5914972424507141, -0.1621706485748291, -0.23704250156879425, -0.9946170449256897, -0.660460889339447, -0.7530583739280701, 0.34625670313835144, -0.9172941446304321, -0.6667863130569458, 0.06389074772596359, 0.947140634059906, 0.22338955104351044, -0.2562326490879059, 0.27705249190330505, 0.7459696531295776, 2.066840171813965, 2.02604341506958, 0.33263519406318665, 1.0613551139831543, 1.8187322616577148, 1.1634730100631714, 0.47976723313331604, -0.9094492197036743, -0.045221295207738876, 0.38216811418533325, 0.6967208385467529, -0.3976265788078308, -0.08758900314569473, -0.48581892251968384, -0.11651840060949326, -0.11788231134414673, -0.13171184062957764, -0.1828305572271347, -0.1850476861000061, 0.09068160504102707, 0.47648364305496216, 8.836084365844727, 0.035011667758226395, 0.41469669342041016, 0.14332890510559082, 0.09854912757873535, 0.04093434289097786, 0.631767749786377, 0.24381093680858612, 0.13003289699554443, 0.0403103269636631, 0.11685047298669815, -0.07738613337278366, -0.05299300700426102, 0.6769623756408691, -0.019356317818164825, 0.4502548575401306, 0.13055236637592316, 0.032802071422338486, -0.20645937323570251, 0.2902360260486603, 0.14806997776031494, 0.05501865595579147, 0.013514314778149128, 0.0025831167586147785, -0.4019031524658203, 0.49391260743141174, 0.04244241490960121, 0.7463313937187195, -0.6641556024551392, 0.009233498945832253, -0.20934560894966125, -0.08769433200359344, -0.48701632022857666, 0.3598964214324951, -9.546957969665527, -1.1652618646621704, 0.0, -0.38999998569488525, 0.47999998927116394, -0.22206895053386688, -0.6671021580696106, 0.6765443682670593, 0.2189696580171585, -0.050522610545158386, 0.050809428095817566, -0.28910037875175476, -0.9546132683753967, -0.030495252460241318, -0.440540075302124, 0.48989230394363403, 0.005599669646471739, -0.2360994517803192, 0.9716414213180542, 0.011773878708481789, -0.2613328993320465, 0.6349967122077942, 0.39898523688316345, -22.923059463500977, 0.8954089283943176, -2.0351200103759766, -0.01764363795518875, -0.4512019455432892, 0.4675573408603668, -0.013344423845410347, -0.523371696472168, 0.8479361534118652, 0.08311548084020615, -0.25931593775749207, 0.2982007563114166, 0.6446413993835449, -18.68488311767578, 3.6245388984680176, -1.3869355916976929, 0.015369272790849209, -0.44412946701049805, 0.48011690378189087, 0.004232853185385466, -0.32227739691734314, 0.9466051459312439, -0.007616065908223391, -0.3510567843914032, -0.16202566027641296, -0.5316368341445923, 4.115548610687256, 1.0175955295562744, -3.351997137069702, 0.039110299199819565, -0.4443954527378082, 0.46995633840560913, -0.09834285080432892, -0.5803815126419067, 0.8025693893432617, -0.09679006785154343, -0.15382103621959686, -0.05637488514184952, -0.006724970415234566, 2.1469550132751465, -2.8852109909057617, 0.694182276725769, -0.08141531050205231, -0.3679419159889221, 0.4719924330711365, -0.08631300926208496, -0.8053120970726013, 0.4375060498714447, 0.39065438508987427, -0.13712917268276215, 0.17896097898483276, -0.20811165869235992, 2.0479862689971924, -1.4404757022857666, -1.7512792348861694, 0.1314391791820526, -2.4191854000091553, 2.067540168762207, 0.06226135045289993, 0.0009463051683269441, -0.0002557187108322978, 0.1537884771823883, -4.151845455169678, 1.4770805835723877, 0.06775522232055664, 0.0017746269004419446, 0.0028944413643330336, 0.2756596803665161, 1.0117871761322021, 1.196167230606079, -0.03781620413064957, 0.001141912187449634, -0.0038418066687881947, -0.19876129925251007, -1.982535719871521, 1.0743155479431152, 0.003064038697630167, 1.0773909707495477e-05, -0.005281665828078985, 0.9026983976364136, -1.9404468536376953, -0.30238020420074463, 0.01021405216306448, -0.0009288644068874419, 0.042115192860364914, 1.0, -0.03823066130280495, 0.5289870500564575, 0.3069833815097809, 0.9344081282615662, 1.0, 0.2854137122631073, 0.5575287938117981, 1.0, -1.0, -0.6388354897499084, 0.7812724709510803, -0.6710120439529419, -1.0, -1.0, 0.08147796988487244, -1.0, -1.0, -0.12582238018512726, 1.0]
[0.5383404493331909, -0.4582120180130005, 0.2416403591632843, -0.09340886771678925, -0.3087955415248871, -0.41915279626846313, 0.6265177130699158, -0.407446026802063, -0.4821836054325104, -0.6748545169830322, 0.0605962760746479, -0.34616634249687195, -0.4168875217437744, -0.5553414821624756, -0.030837012454867363, -0.25984588265419006, -0.9968035221099854, -0.7123494744300842, -0.7684416174888611, 0.3687801659107208, -0.8844960331916809, -0.7334353923797607, -0.03631037846207619, 0.8965996503829956, 0.26347577571868896, -0.49001437425613403, 0.49069759249687195, 0.5652068257331848, -0.1202402114868164, 1.304137110710144, 0.28990820050239563, 0.800142228603363, 1.0284429788589478, 1.6701425313949585, -0.025222832337021828, 0.3427653908729553, 0.8465664982795715, 0.5092160105705261, 0.5483711957931519, 0.07848899811506271, 0.009111681953072548, -0.4765968918800354, -0.156248077750206, 0.48684486746788025, 0.43711695075035095, -0.14720521867275238, -0.8512582778930664, -0.7590832114219666, 1.106011986732483, -2.051041603088379, 0.06427595764398575, -0.16029395163059235, -0.2907967269420624, -0.1735958755016327, 0.030751705169677734, -0.228389710187912, -0.15447887778282166, -0.05875113978981972, -0.06118198484182358, 0.2486935406923294, 0.1848583221435547, 0.08962400257587433, -0.2981398105621338, 0.23075060546398163, -0.17391620576381683, -0.05798664689064026, -0.018963195383548737, 0.07175396382808685, 0.11818006634712219, 0.08089936524629593, -0.0743497833609581, -0.0475020669400692, -0.0029616563115268946, -0.401557594537735, 0.48586782813072205, 0.2817761301994324, 0.7194925546646118, -0.6028594970703125, 0.19872833788394928, -0.37768879532814026, 0.057220328599214554, -0.4654872417449951, 0.5562175512313843, -6.908717632293701, -1.343298316001892, 0.0, -0.38999998569488525, 0.47999998927116394, -0.22206895053386688, -0.6671021580696106, 0.6765443682670593, 0.2189696580171585, 0.02123204804956913, 0.34687677025794983, -0.23825998604297638, -0.9068945050239563, -0.03558472916483879, -0.4368404746055603, 0.48919928073883057, 0.011081780306994915, -0.11755597591400146, 0.9922702312469482, 0.038177490234375, -0.30798614025115967, 0.24272865056991577, -0.2082986980676651, -6.266166687011719, 1.787665605545044, -3.2714669704437256, -0.022215351462364197, -0.4477511942386627, 0.4699888527393341, -0.0026113262865692377, -0.39607810974121094, 0.9119945764541626, 0.10668204724788666, -0.2467537224292755, 0.3801589608192444, 0.1563003957271576, -14.643138885498047, 4.038769721984863, -1.2615458965301514, 0.010846915654838085, -0.4435615837574005, 0.4752470850944519, 0.0014695713762193918, -0.3080596923828125, 0.9513314962387085, 0.008083467371761799, -0.24826432764530182, 0.18782000243663788, -0.12128869444131851, -6.039588928222656, 0.05990459769964218, -1.1290364265441895, 0.034591540694236755, -0.4449670910835266, 0.4678404927253723, -0.12020311504602432, -0.5995109677314758, 0.7848760485649109, -0.10053513199090958, -0.3702104389667511, -0.03717361390590668, -0.2861337661743164, 3.958773136138916, -1.9675111770629883, -1.5471501350402832, -0.0823461189866066, -0.36692631244659424, 0.4692266583442688, -0.05829588696360588, -0.8285471796989441, 0.4206203520298004, 0.36495158076286316, 0.05824930593371391, -0.015038344077765942, -0.24423173069953918, 4.821667671203613, -2.7682693004608154, 6.147062301635742, 0.3009541630744934, 3.70760178565979, -1.4952995777130127, -0.11798185110092163, -0.00010479237971594557, -0.004144353326410055, 0.04764806106686592, 1.9235016107559204, -0.7964605093002319, -0.029898613691329956, -0.0008870615856721997, 0.0001865807134890929, -0.3078955113887787, -2.3671908378601074, 0.6192469000816345, 0.054116141051054, -0.0020125031005591154, 0.007230545859783888, 1.1933220624923706, 0.9124875068664551, -0.3618566691875458, -0.00527588278055191, 0.009674331173300743, -0.007972110994160175, -1.3350908756256104, -0.8194776773452759, 0.07684728503227234, 0.007706949487328529, -0.026140620931982994, -0.014375756494700909, 1.0, -1.0, 1.0, 0.12813350558280945, -1.0, 1.0, -0.027187146246433258, -0.047339048236608505, -0.153605654835701, 0.15994611382484436, 0.2757398784160614, 0.4912300705909729, 0.1073676347732544, -1.0, -1.0, 0.6726289987564087, -0.39751049876213074, -1.0, -1.0, 0.28910624980926514]
[0.610762357711792, -0.533645510673523, 0.3594556152820587, -0.047164082527160645, -0.31693774461746216, -0.36525365710258484, 0.6989652514457703, -0.26079508662223816, -0.40197303891181946, -0.5341528654098511, 0.07318617403507233, -0.34560078382492065, -0.27741801738739014, -0.45232027769088745, 0.02197118289768696, -0.1656091958284378, -0.9940841794013977, -0.7372946739196777, -0.7810195088386536, 0.43911853432655334, -0.8526780009269714, -0.7756124138832092, -0.17913612723350525, 0.8050353527069092, 0.268190860748291, -0.5490829944610596, 0.48071613907814026, 0.34445440769195557, -0.053996600210666656, 0.1300072968006134, 0.2755880057811737, 1.7155531644821167, 0.6186356544494629, 0.9866948127746582, 0.09085001796483994, -0.17619197070598602, 1.5174387693405151, 1.4068092107772827, 0.06636588275432587, 0.5632221698760986, 0.023398742079734802, -0.10405918210744858, -0.07361482828855515, 1.0667537450790405, 0.10333221405744553, -0.0895661935210228, -0.8965305685997009, -0.8903293013572693, -0.7169729471206665, 0.0704713985323906, -0.02595660276710987, -0.08123444020748138, -0.02731931395828724, -0.032240837812423706, -0.036033615469932556, 0.2913442552089691, 0.09491586685180664, 0.004489842802286148, -0.009583160281181335, -0.14230088889598846, -0.0232061967253685, 0.02891782857477665, -0.2908277213573456, 0.10546356439590454, -0.18956132233142853, -0.04299304634332657, -0.007911639288067818, 0.05044735223054886, -0.09472547471523285, -0.04386546090245247, -0.012632804922759533, -0.002766248770058155, -0.0070643313229084015, -0.39963632822036743, 0.4808461666107178, 0.3318215608596802, 0.7152015566825867, -0.5728740096092224, 0.22404582798480988, -0.23582345247268677, 0.13847248256206512, -0.234434112906456, 0.485715389251709, -0.4078625738620758, -0.2417469471693039, 0.0, -0.38999998569488525, 0.47999998927116394, -0.22206895053386688, -0.6671021580696106, 0.6765443682670593, 0.2189696580171585, 0.02071237750351429, 0.4033433794975281, -0.2144841104745865, -0.8893151879310608, -0.04115374758839607, -0.43456441164016724, 0.4847559332847595, 0.018627824261784554, -0.10398831963539124, 0.992056667804718, 0.06828542053699493, -0.3128965198993683, 0.12287012487649918, -0.29990115761756897, 0.6872532367706299, 1.2715727090835571, -3.4076783657073975, -0.02638561651110649, -0.4432011842727661, 0.4719817340373993, 0.013701992109417915, -0.28191423416137695, 0.9506357908248901, 0.12895023822784424, -0.15360687673091888, 0.48448970913887024, 0.30994415283203125, -13.283933639526367, 4.50440788269043, -0.9465600252151489, 0.006440610624849796, -0.4413728713989258, 0.47066858410835266, 0.00021098239812999964, -0.2377905547618866, 0.9710871577262878, 0.021100755780935287, -0.2686483860015869, 0.2875940203666687, -0.24193497002124786, -10.9824857711792, 0.6649527549743652, -1.619248628616333, 0.02761083096265793, -0.44472798705101013, 0.46146419644355774, -0.1434619426727295, -0.62238609790802, 0.7653385400772095, -0.07944274693727493, -0.5016145706176758, 0.038899015635252, -0.5286038517951965, 4.18386173248291, 0.1007438451051712, -3.840080499649048, -0.08289719372987747, -0.3655707836151123, 0.46499958634376526, -0.0007792164105921984, -0.8631983995437622, 0.3860383927822113, 0.3253645896911621, 0.05192900821566582, 0.13185980916023254, -0.4234577417373657, 8.763984680175781, -2.899569034576416, 6.258262634277344, -0.2219214141368866, 0.5938243865966797, -0.2806294560432434, -0.02333347126841545, -4.760090814670548e-05, 0.0019089439883828163, -0.38849279284477234, -0.8697602152824402, 0.7142527103424072, -0.00855656061321497, -0.0016202444676309824, 0.003852871246635914, -0.11362270265817642, -0.0969804897904396, -0.40862876176834106, 0.027463121339678764, -0.0002959016419481486, -0.0006000885623507202, 0.5131288170814514, 0.7071959972381592, -0.3361554443836212, 0.002696300856769085, 0.004736286588013172, -0.010919155552983284, -0.1585577130317688, 1.0008580684661865, 0.06214955449104309, -0.00853300467133522, -0.0002293237193953246, -0.008549259975552559, 1.0, -1.0, 1.0, 0.10372573882341385, -0.34205132722854614, 1.0, 1.0, -0.08161982893943787, 0.28910011053085327, -0.5380704998970032, 0.7250770926475525, -0.14989005029201508, 0.831347644329071, -1.0, -0.7408097982406616, 1.0, -0.8846923112869263, -1.0, -1.0, 0.24804720282554626]
[0.6844656467437744, -0.5816037654876709, 0.4377116858959198, 0.03709951043128967, -0.2830239534378052, -0.35593754053115845, 0.7268528342247009, -0.11468616873025894, -0.33992260694503784, -0.45461657643318176, 0.08271817862987518, -0.3839494585990906, -0.1797400712966919, -0.2963118851184845, -0.04244769364595413, -0.017636526376008987, -0.9930179715156555, -0.7645302414894104, -0.7887353301048279, 0.4548514783382416, -0.8428376913070679, -0.8139390349388123, -0.3151159882545471, 0.7227275967597961, 0.2752983868122101, -0.18723474442958832, 0.23681001365184784, 1.0286223888397217, 0.5160028338432312, 0.11932462453842163, 0.12084358185529709, 1.0975569486618042, 0.5181105136871338, 0.6117115020751953, -0.08390627801418304, -0.3565685451030731, 0.6355034708976746, 1.2685550451278687, -0.5004507899284363, 0.6324570775032043, -0.007190875709056854, -0.33209308981895447, -0.09177856147289276, -0.2697184979915619, 0.05031277611851692, -0.09869380295276642, -0.8045741319656372, -0.6913334727287292, -0.1170416995882988, 4.503559589385986, -0.028895337134599686, 0.380226731300354, 0.1646026074886322, 0.058742865920066833, 0.011364735662937164, 0.06305932998657227, -0.018456557765603065, -0.022517912089824677, -0.0719929039478302, 0.23505696654319763, 0.0024522747844457626, -0.0304261427372694, 0.11525946855545044, -0.11624202877283096, 0.0760260820388794, 0.009575724601745605, -0.0005957702524028718, -0.1763966828584671, 0.2048042118549347, 0.10445983707904816, 0.0585668720304966, 0.024413898587226868, -0.0068769268691539764, -0.39697590470314026, 0.48077744245529175, 0.22530578076839447, 0.757192850112915, -0.6069315075874329, 0.08677800744771957, 0.2608281373977661, 0.13932792842388153, 0.06175120919942856, 0.27161216735839844, 3.9229366779327393, -1.2412023544311523, 0.0, -0.38999998569488525, 0.47999998927116394, -0.22206895053386688, -0.6671021580696106, 0.6765443682670593, 0.2189696580171585, -0.038783445954322815, 0.2413407415151596, -0.20945578813552856, -0.9467726945877075, -0.04557665437459946, -0.43048831820487976, 0.48495838046073914, 0.027003705501556396, -0.06868463009595871, 0.9931045174598694, 0.09108494222164154, -0.1947658360004425, 0.4077417850494385, 0.22302651405334473, -7.218937873840332, 1.916714072227478, -1.8932709693908691, -0.029327092692255974, -0.4385629892349243, 0.47581377625465393, 0.028787026181817055, -0.1870800405740738, 0.9715926647186279, 0.14205659925937653, -0.1372419148683548, 0.3865683078765869, 0.29520049691200256, -9.714971542358398, 3.199054718017578, -0.6832056641578674, 0.0020357565954327583, -0.44020843505859375, 0.4659442901611328, 0.0005455462960526347, -0.1689709573984146, 0.9850358366966248, 0.03395487368106842, -0.22863847017288208, 0.13830237090587616, -0.16233743727207184, -6.785545825958252, 0.35153400897979736, -0.8837971091270447, 0.02075861021876335, -0.4437452554702759, 0.4536728262901306, -0.15416234731674194, -0.6511400938034058, 0.7417841553688049, -0.0447961688041687, -0.4167194962501526, 0.06869025528430939, -0.5071613192558289, 5.464162349700928, 2.121540069580078, -2.7831976413726807, -0.08371208608150482, -0.36367112398147583, 0.46144285798072815, 0.023959973827004433, -0.890181839466095, 0.3639908730983734, 0.27297040820121765, 0.03889574110507965, 0.10556675493717194, -0.2170531451702118, 1.96683669090271, -6.536294460296631, 2.719144105911255, -0.15042425692081451, -1.5309966802597046, 2.13010835647583, 0.03577791154384613, 0.0025337745901197195, 0.005107714794576168, 0.052831023931503296, 0.48829716444015503, 0.704146146774292, -0.015193454921245575, 0.0021477218251675367, 0.00108460639603436, -0.39567601680755615, 0.3969811201095581, 1.1456007957458496, -0.024471422657370567, 0.0004138725926168263, 0.007286194711923599, -0.6359121203422546, -0.23510955274105072, 0.17157301306724548, -0.004122412763535976, -0.005905934609472752, -0.006983494386076927, 0.9577122926712036, -1.485604166984558, -0.40454524755477905, 0.014706491492688656, 0.009090500883758068, 0.02938845008611679, 1.0, -0.4687945544719696, 0.6509180665016174, 0.8403740525245667, 0.1460060030221939, -0.42633292078971863, 1.0, 0.1804497390985489, 1.0, -1.0, -0.19739587604999542, -0.8245444893836975, 0.8353753685951233, -1.0, -1.0, 0.14249998331069946, -0.7843955755233765, -1.0, -1.0, 0.345116525888443]
[0.7522515058517456, -0.5577827095985413, 0.42859935760498047, 0.154439777135849, -0.21969953179359436, -0.32698318362236023, 0.6657102704048157, 0.004682398401200771, -0.21070079505443573, -0.36751899123191833, 0.07941105961799622, -0.3634992837905884, -0.16551508009433746, -0.21691378951072693, -0.10558958351612091, 0.13165269792079926, -0.9844843745231628, -0.8039466738700867, -0.8014209270477295, 0.3413352966308594, -0.8579410314559937, -0.854450523853302, -0.267667680978775, 0.616875171661377, 0.23878026008605957, 0.4229489862918854, -0.18464194238185883, 1.1256383657455444, 0.6272804141044617, 0.48500972986221313, -0.3728674650192261, 1.1048678159713745, 1.5520610809326172, 1.2076433897018433, -0.07977378368377686, 0.49975964426994324, -0.13061614334583282, 0.2847883999347687, -0.153903529047966, 0.6002513766288757, 0.14058063924312592, -0.373878538608551, -0.13223199546337128, -1.9961395263671875, -0.1866241991519928, -0.09796422719955444, 0.8755179643630981, -1.1187554597854614, -1.0739200115203857, 8.921270370483398, -0.056420955806970596, 0.40395763516426086, 0.10287147015333176, 0.04409964382648468, -0.057082414627075195, 0.46706679463386536, 0.1876855045557022, 0.09297478944063187, -0.06874535977840424, 0.6390506029129028, 0.13116320967674255, -0.011367499828338623, 0.9396246075630188, -0.23166587948799133, 0.6794974207878113, 0.24634139239788055, 0.08010295033454895, -0.25729578733444214, 0.36993247270584106, 0.17710041999816895, 0.24817334115505219, 0.07545732706785202, -0.0005873595364391804, -0.39610978960990906, 0.4849681854248047, 0.19515173137187958, 0.7496188282966614, -0.6295002698898315, -0.06096487119793892, 0.5236659646034241, 0.07149641215801239, 0.4063141644001007, -0.1800050139427185, 2.9007229804992676, -2.314321279525757, 0.0, -0.38999998569488525, 0.47999998927116394, -0.22206895053386688, -0.6671021580696106, 0.6765443682670593, 0.2189696580171585, -0.05801551043987274, 0.1157103180885315, -0.1328769028186798, -0.9826439023017883, -0.047898922115564346, -0.42497625946998596, 0.49258339405059814, 0.033578597009181976, 0.019931407645344734, 0.9944222569465637, 0.09797767549753189, -0.06082684546709061, 0.5434231758117676, 0.6205852627754211, -13.076812744140625, 1.9346857070922852, 0.3733874261379242, -0.030303645879030228, -0.43362224102020264, 0.4848921597003937, 0.04200291633605957, -0.051148153841495514, 0.9881986379623413, 0.13814140856266022, 0.06698264181613922, 0.6390806436538696, 0.7777693271636963, -20.651412963867188, 4.563705921173096, 2.453577995300293, -0.001797064789570868, -0.44005972146987915, 0.4693058133125305, 0.0006774357170797884, -0.11767897754907608, 0.9920772314071655, 0.043975330889225006, -0.19574029743671417, 0.0660112276673317, 0.4808564782142639, -5.375124931335449, 0.2614467740058899, -0.7947870492935181, 0.014041116461157799, -0.44376954436302185, 0.45276227593421936, -0.16342251002788544, -0.6654394865036011, 0.7282041907310486, -0.014211522415280342, -0.45580044388771057, -0.039540573954582214, 0.20598503947257996, 0.9793825149536133, 0.9134162068367004, -3.2628087997436523, -0.0867239385843277, -0.3616950511932373, 0.4628303050994873, -0.021817129105329514, -0.8900179266929626, 0.3959041237831116, 0.2250600904226303, -0.21947772800922394, 0.06287714838981628, 0.27128446102142334, -8.571288108825684, -7.289645671844482, -4.178569793701172, -0.20848415791988373, -0.634990394115448, 2.6491079330444336, 0.034574784338474274, 0.0056859590113162994, 0.007509308867156506, -0.13580229878425598, -1.9042692184448242, 2.9396936893463135, 0.0644107535481453, 0.005457364488393068, 0.006711513269692659, -0.40455248951911926, -0.2500653862953186, 3.3147029876708984, -0.01511848159134388, 0.0009686935809440911, 0.005576691590249538, -1.208904504776001, -3.734842300415039, 1.0864183902740479, 0.024080315604805946, -0.005279518663883209, 0.00917562935501337, 3.035644292831421, -2.699218273162842, -1.1737514734268188, 0.025386719033122063, 0.026887012645602226, 0.036079589277505875, 1.0, 0.487540066242218, -0.004052542150020599, 0.8995713591575623, 0.18122036755084991, -1.0, 1.0, 1.0, 1.0, 0.10029233247041702, -0.4159356355667114, 0.10613035410642624, 0.8714572191238403, -0.7864387631416321, -1.0, -0.8046468496322632, -1.0, -1.0, 1.0, -0.11489314585924149]
