1
[0.0, 0.0, 0.0, 0.0, 0.0, 0.0, 0.0, 0.0, 0.0, 0.0, 0.0, 0.0, 0.0, 0.0, 0.0, 0.0, 0.0, 0.0, 0.0, 0.0, 0.0, 0.0, 0.0, 0.0, 0.0, 0.0, 0.0, 0.0, 0.0, 0.0, 0.0, 0.0, 0.0, 0.0, 0.0, 0.0, 0.0, 0.0, 0.0, 0.0, 0.0, 0.0, 0.0, 0.0, 0.0, 0.0, 0.0, 0.0, 0.0, 0.0, 0.0, 0.0, 0.0, 0.0, 0.0, 0.0, 0.0, 0.0, 0.0, 0.0, 0.0, 0.0, 0.0, 0.0, 0.0, 0.0, 0.0, 0.0, 0.0, 0.0, 0.0, 0.0, 0.0, 0.0, 0.0, 0.0, 0.0, 0.0, 0.0, 0.0, 0.0, 0.0, 0.0, 0.0, 0.0, 0.0, 0.0, 0.0, 0.0, 0.0, 0.0, 0.0, 0.0, 0.0, 0.0, 0.0, 0.0, 0.0, 0.0, 0.0, 0.0, 0.0, 0.0, 0.0, 0.0, 0.0, 0.0, 0.0, 0.0, 0.0, 0.0, 0.0, 0.0, 0.0, 0.0, 0.0, 0.0, 0.0, 0.0, 0.0, 0.0, 0.0, 0.0, 0.0, 0.0, 0.0, 0.0, 0.0, 0.0, 0.0, 0.0, 0.0, 0.0, 0.0, 0.0, 0.0, 0.0, 0.0, 0.0, 0.0, 0.0, 0.0, 0.0, 0.0, 0.0, 0.0, 0.0, 0.0, 0.0, 0.0, 0.0, 0.0, 0.0, 0.0, 0.0, 0.0, 0.0, 0.0, 0.0, 0.0, 0.0, 0.0, 0.0, 0.0, 0.0, 0.0, 0.0, 0.0, 0.0, 0.0, 0.0, 0.0, 0.0, 0.0, 0.0, 0.0, 0.0, 0.0, 0.0, 0.0, 0.0, 0.0, 0.0, 0.0, 0.0, 0.0, 0.0, 0.0, 0.0, 0.0, 0.0, 0.0, 0.0, 0.0, 0.0, 0.0, 0.0, 0.0, 0.0, 0.0, 0.0, 0.0, 0.0, 0.0, 0.0, 0.0, 0.0, 0.0, 0.0, 0.0, 0.0]
[0.45098692178726196, 0.1213192492723465, -0.21894830465316772, -0.6245473623275757, -0.9409663677215576, -0.8898767232894897, -0.0280783548951149, -0.5311319828033447, -0.7364997267723083, -0.8890537023544312, -0.17535439133644104, -0.5738551020622253, -0.7654983997344971, -0.7880339026451111, -0.9736602902412415, -0.01786614954471588, -0.8624383807182312, -0.5624812841415405, -0.6939464211463928, 0.009755406528711319, -0.5941424369812012, 0.2411760538816452, -0.05268123745918274, 0.673832356929779, 0.14997528493404388, -0.8744750022888184, -0.44916072487831116, 2.1027004718780518, -0.08683913201093674, -0.025555649772286415, 0.49059969186782837, 1.8514333963394165, 0.40994498133659363, 0.07538089901208878, -0.05414862558245659, 1.2423734664916992, -0.29261672496795654, -0.06555165350437164, 0.02214530110359192, -0.11966963857412338, 1.4615898132324219, 1.9044243097305298, 0.4201933443546295, 1.6599549055099487, 1.562498927116394, 0.2325538843870163, -0.7925006747245789, 0.433411180973053, 3.548703670501709, -10.326942443847656, 0.00028441997710615396, -0.09994961321353912, 0.00372221227735281, 0.010362464934587479, 0.2411336600780487, -0.2508794665336609, -0.03601163253188133, 0.0008098105899989605, 0.11444270610809326, -0.33397480845451355, -0.10813511908054352, -0.03299696370959282, -0.9008845686912537, 0.10100682079792023, -0.23256513476371765, 0.11013142019510269, 0.07808858156204224, 0.21992045640945435, 0.14384020864963531, 0.1340455561876297, -0.12508967518806458, -0.036998201161623, -0.006532501429319382, -0.4007110595703125, 0.5288481712341309, 0.21059010922908783, 0.595181941986084, -0.7311822772026062, 0.2584233283996582, -0.1012435331940651, 0.13623927533626556, 0.014573581516742706, -0.34189191460609436, 1.998903512954712, -0.7030115723609924, 0.0, -0.38999998569488525, 0.47999998927116394, -0.6623125672340393, 0.30807608366012573, -0.5883525013923645, 0.3468034863471985, 0.3691074252128601, -0.4813753068447113, -0.560606837272644, 0.5636999011039734, -0.021497633308172226, -0.4528396725654602, 0.5061897039413452, 0.029183348640799522, -0.5536853075027466, 0.830940306186676, -0.04603462666273117, 0.000682891346514225, 0.17789621651172638, 0.06833207607269287, -5.526764392852783, -0.9164295196533203, 1.485620379447937, -0.003949044272303581, -0.4530724287033081, 0.5145233273506165, 0.009481143206357956, -0.4531760513782501, 0.8911682367324829, -0.018993224948644638, -0.35953524708747864, 0.2177237868309021, 0.015621401369571686, -7.300554275512695, -0.4200001657009125, -3.2087106704711914, 0.021251408383250237, -0.4492990970611572, 0.5119972825050354, 0.01988530345261097, -0.4425159990787506, 0.8955328464508057, -0.04248528182506561, -0.14565518498420715, 0.019670696929097176, -0.3268209993839264, -0.03102795034646988, -0.27084657549858093, -0.4837672710418701, 0.040455412119627, -0.44436898827552795, 0.5015186071395874, 0.004562306217849255, -0.4372994303703308, 0.8990979194641113, -0.019266922026872635, -0.12278963625431061, 0.2259112447500229, 0.2257763296365738, -14.610238075256348, -0.6932277083396912, -0.30489176511764526, -0.07717741280794144, -0.37088748812675476, 0.5151883959770203, -0.10269399732351303, -0.6030347943305969, 0.7601712346076965, 0.21895788609981537, 0.2672853469848633, -0.14981432259082794, 0.26465514302253723, 3.7534751892089844, 12.69381046295166, 1.0292465686798096, 0.05064840614795685, 0.4059247374534607, -0.6827407479286194, 0.016451336443424225, -0.003988267388194799, 0.002840647706761956, 1.2944467067718506, 0.9164363741874695, -1.0661722421646118, 0.014556355774402618, 0.009469272568821907, -0.0053153508342802525, 0.6673293709754944, 1.7807186841964722, -1.2276380062103271, -0.006286183372139931, 0.002878727624192834, -0.0006054647965356708, 0.5619417428970337, -0.8532682657241821, -0.4516245424747467, 0.06528956443071365, 0.00196929182857275, 0.00016222962585743517, -1.4453710317611694, -1.0201257467269897, 0.43475624918937683, 0.006876630242913961, -0.013872267678380013, -0.04831309616565704, 1.0, -1.0, -1.0, 1.0, -1.0, 1.0, 1.0, -0.3507639169692993, -0.23199370503425598, 0.33816632628440857, -1.0, -1.0, -0.19401803612709045, 0.2814940810203552, 1.0, 1.0, 1.0, 1.0, -1.0, 1.0]
[0.5000359416007996, 0.010513365268707275, -0.1366356611251831, -0.40972718596458435, -0.8751335144042969, -0.8813498616218567, 0.07514096051454544, -0.3668540418148041, -0.737830400466919, -0.8754088878631592, -0.24858641624450684, -0.3998214304447174, -0.8017260432243347, -0.7986671924591064, -0.9852094054222107, -0.07144585996866226, -0.6441594958305359, -0.40257811546325684, -0.5907889008522034, 0.15431468188762665, -0.44174036383628845, 0.35815614461898804, -0.023024341091513634, 0.7217644453048706, 0.2098698914051056, -0.7113452553749084, 0.6391382217407227, 2.0774941444396973, 0.9713286757469177, 0.20905530452728271, 0.4957454204559326, 1.2205333709716797, -0.22860458493232727, 0.05002112314105034, -0.4350791871547699, 1.8111956119537354, -0.3485214412212372, -0.1163320541381836, -0.07631124556064606, -0.2745421230792999, 2.3169124126434326, 1.2616437673568726, 1.4010556936264038, 1.8446943759918213, 0.8264970183372498, 0.30312541127204895, 0.6861538290977478, 0.447338342666626, 1.8736540079116821, 2.6060988903045654, 0.20239025354385376, 0.2720819413661957, 0.17403483390808105, 0.07708120346069336, 0.1843542605638504, -0.21493005752563477, -0.1478773057460785, -0.06762254238128662, -0.05334421247243881, 0.26556509733200073, 0.1022731140255928, 0.0341135710477829, 0.24601656198501587, 0.009038364514708519, 0.33164387941360474, 0.066181480884552, 0.049493737518787384, -0.09616601467132568, -0.23564130067825317, -0.14323143661022186, 0.20429395139217377, 0.06890886276960373, -0.008237151429057121, -0.3997102379798889, 0.5286072492599487, 0.17000530660152435, 0.6065070033073425, -0.7534551024436951, 0.1885543316602707, -0.10188998281955719, 0.04102083668112755, -0.0495138056576252, 0.05293872952461243, 1.9241762161254883, -0.7343578338623047, 0.0, -0.38999998569488525, 0.47999998927116394, -0.6623125672340393, 0.30807608366012573, -0.5883525013923645, 0.3468034863471985, 0.30855873227119446, -0.446796178817749, -0.6044362187385559, 0.5829421281814575, -0.026743805035948753, -0.4493538439273834, 0.5079417824745178, 0.013661894015967846, -0.48537108302116394, 0.8737067580223083, -0.02940734103322029, -0.49424514174461365, 0.364871621131897, 0.3832909166812897, -12.697478294372559, -0.8660696744918823, -4.325088977813721, -0.009181851521134377, -0.4507160186767578, 0.5119930505752563, -0.0006942494655959308, -0.4204541742801666, 0.9073019623756409, 0.004560212604701519, -0.3827582895755768, 0.133348286151886, -0.20116937160491943, -1.660805583000183, 0.38217487931251526, -3.505261182785034, 0.019531594589352608, -0.4474942684173584, 0.5097219944000244, 0.018291551619768143, -0.42708146572113037, 0.9027200937271118, -0.04861181601881981, -0.09097712486982346, 0.19047074019908905, 0.01617250218987465, -3.136869192123413, -0.8147764205932617, 1.0662764310836792, 0.03858872503042221, -0.4410209655761719, 0.5050643086433411, 0.0027058012783527374, -0.2933165431022644, 0.9557824730873108, -0.020925864577293396, -0.12734897434711456, 0.527544379234314, 0.4914605915546417, -21.113203048706055, -0.7666398882865906, 0.17209726572036743, -0.07481556385755539, -0.3725108206272125, 0.5164045691490173, -0.0379767008125782, -0.6038100719451904, 0.7403342723846436, 0.29304659366607666, 0.08675911277532578, -0.07393136620521545, -0.01062612421810627, 3.920135498046875, 9.783302307128906, -4.217365741729736, 1.0371372699737549, -2.431609869003296, 0.34035369753837585, 0.04060705751180649, 0.00966932624578476, -0.005939396098256111, 0.9634650945663452, 1.8972690105438232, -0.03692755848169327, -0.03916351497173309, 0.008096013218164444, -0.007296176161617041, -0.24210351705551147, -1.4305431842803955, 0.5588701963424683, 0.012655424885451794, -0.004247377626597881, 0.0034754688385874033, 0.04095911607146263, -1.3410454988479614, 0.84032142162323, 0.02937805838882923, -0.001351805403828621, 0.0005390402511693537, 2.5280818939208984, 1.692967176437378, -0.43288931250572205, -0.012809859588742256, 0.028459571301937103, 0.005751878954470158, 1.0, -0.4330267906188965, 1.0, 1.0, -0.09877107292413712, 1.0, 0.12621593475341797, -1.0, -1.0, 0.8267068862915039, -1.0, -1.0, -0.5014199614524841, 0.9316792488098145, 0.23412740230560303, 1.0, -0.022596566006541252, 1.0, 1.0, 1.0]
[0.5630778670310974, -0.035109493881464005, -0.04357334226369858, -0.2156376987695694, -0.7984676361083984, -0.8556979298591614, 0.20435121655464172, -0.28299519419670105, -0.7748234868049622, -0.8821622133255005, -0.36059635877609253, -0.22429269552230835, -0.8375083208084106, -0.8114279508590698, -0.9999743103981018, -0.15621539950370789, -0.39765357971191406, -0.29914262890815735, -0.4393388330936432, 0.28941792249679565, -0.3086026608943939, 0.4074576497077942, 0.11194850504398346, 0.7666471600532532, 0.24910986423492432, -0.06627392768859863, 0.23999106884002686, 1.6542667150497437, 0.572838544845581, 0.22435262799263, 0.5498818755149841, 0.5303230881690979, -0.40892449021339417, -0.13083820044994354, -0.46957167983055115, 1.5362406969070435, -0.3150709271430969, -0.11725204437971115, 7.30465108063072e-05, -0.3868204355239868, 2.266458034515381, 0.7981602549552917, 1.2852716445922852, 1.564569354057312, 1.0386828184127808, 0.03534317761659622, 0.9038878679275513, 0.3964955508708954, 0.8406042456626892, 8.067349433898926, -0.06193201243877411, 0.30640923976898193, 0.06147162616252899, 0.012388206087052822, 0.03161930292844772, 0.2525397539138794, 0.059208013117313385, 0.010076682083308697, -0.002457347698509693, 0.3507712483406067, 0.11953727155923843, 0.037199411541223526, 0.9622533321380615, 0.019470321014523506, 0.5012497901916504, 0.10287509858608246, 0.0077779460698366165, -0.24504545331001282, 0.347731351852417, 0.13044589757919312, 0.15151166915893555, 0.04346242547035217, -0.010285100899636745, -0.3992479145526886, 0.5279169678688049, 0.1057717427611351, 0.6224531531333923, -0.7710666656494141, 0.08258605003356934, -0.14103680849075317, 0.0735003724694252, 0.031974803656339645, 0.1073213443160057, 3.9395370483398438, -1.315533995628357, 0.0, -0.38999998569488525, 0.47999998927116394, -0.6623125672340393, 0.30807608366012573, -0.5883525013923645, 0.3468034863471985, 0.22005446255207062, -0.3824920654296875, -0.6636632084846497, 0.604009211063385, -0.032655779272317886, -0.44376909732818604, 0.5144439339637756, 0.0015851155621930957, -0.39325961470603943, 0.9194056987762451, -0.006119558122009039, -0.32754385471343994, 0.5039873123168945, 0.63065105676651, -11.930001258850098, 0.08510210365056992, -2.4528861045837402, -0.015526852570474148, -0.44921889901161194, 0.5111396908760071, -0.01129371952265501, -0.41817721724510193, 0.9076141119003296, 0.03516622260212898, -0.42932483553886414, 0.08361571282148361, 0.06542060524225235, 0.38133642077445984, 0.40221473574638367, -3.9657301902770996, 0.01746855117380619, -0.44416558742523193, 0.5134708285331726, 0.016881003975868225, -0.3937472701072693, 0.9171523451805115, -0.059242866933345795, -0.14303477108478546, 0.28453320264816284, 0.4421508014202118, -5.146092414855957, -1.003235936164856, 0.990446925163269, 0.03642752394080162, -0.43520474433898926, 0.5139028429985046, -0.0004060023929923773, -0.11572932451963425, 0.99294114112854, -0.02596990577876568, -0.16184766590595245, 0.7374358177185059, 0.7522300481796265, -21.37761688232422, -1.4062203168869019, 0.6105770468711853, -0.0732329711318016, -0.37266266345977783, 0.5191200971603394, -0.0020275569986552, -0.5830752849578857, 0.7254738211631775, 0.365659236907959, 0.10607900470495224, 0.053213946521282196, 0.3379083573818207, -1.1991021633148193, 8.557740211486816, -3.930828094482422, -0.5288397073745728, -1.1640206575393677, 1.1038954257965088, -0.005072103813290596, -0.006143943872302771, 0.005525222513824701, 0.15093106031417847, -1.018791675567627, 1.180588960647583, -0.005205193534493446, 0.0011040373938158154, 2.1362895495258272e-05, 0.03613368794322014, -1.7908955812454224, 1.2801201343536377, 0.01033597718924284, -0.0006191966822370887, -0.0017689436208456755, 0.24839194118976593, -0.9391372799873352, 2.2139949798583984, -0.006309113465249538, 0.004654663614928722, 0.0025554122403264046, 1.99216628074646, -2.269649028778076, -0.08164951205253601, 0.011954763904213905, 0.011587759479880333, 0.014266783371567726, 1.0, 0.37779921293258667, 0.09134344756603241, 0.7405359148979187, -0.5202869176864624, 1.0, 0.018466562032699585, -1.0, -1.0, 0.7039505243301392, -1.0, -1.0, -0.7180748581886292, 1.0, 0.09598379582166672, 0.9392635822296143, 0.6054366230964661, 0.41023585200309753, 1.0, 1.0]
[0.6301111578941345, -0.05256175249814987, -0.0410013347864151, -0.04787493869662285, -0.7823507785797119, -0.8406931161880493, 0.3322903513908386, -0.23864023387432098, -0.8135717511177063, -0.8956907987594604, -0.466806024312973, -0.10133670270442963, -0.8652096390724182, -0.821732759475708, -0.991830050945282, -0.24081885814666748, -0.16611318290233612, -0.25286173820495605, -0.34065279364585876, 0.40039074420928955, -0.23389828205108643, 0.4543049931526184, 0.25370708107948303, 0.805810809135437, 0.24984104931354523, -0.16980257630348206, -0.11526355892419815, 1.4876328706741333, -0.07505934685468674, 0.054206859320402145, 0.5117828249931335, 0.3490876853466034, -0.32847949862480164, -0.11808432638645172, -0.41568517684936523, 0.9167098999023438, -0.22823555767536163, -0.08287740498781204, 0.05132027342915535, -0.3229512572288513, 2.0654704570770264, 0.23182542622089386, 0.5826323628425598, 1.2641545534133911, 0.2578528821468353, 0.14771248400211334, 0.8518115878105164, 0.3417936861515045, -0.15842962265014648, -1.1350674629211426, -0.06957805901765823, -0.16959942877292633, -0.11258432269096375, -0.0503651425242424, -0.024931684136390686, -0.15490318834781647, -0.05016312748193741, -0.01577456295490265, 0.007664133328944445, -0.2864951193332672, -0.10882865637540817, -0.03705110028386116, -0.04934702813625336, 0.0025057909078896046, -0.14461493492126465, -0.10037034004926682, -0.06549834460020065, -0.06284123659133911, -0.4203243851661682, -0.22485005855560303, -0.001282634912058711, -0.004700195975601673, -0.012673482298851013, -0.3989872336387634, 0.527337908744812, 0.01671869307756424, 0.6330933570861816, -0.7716394662857056, -0.05904054641723633, -0.1445041298866272, 0.0016224347054958344, -0.0707516074180603, 0.4348910450935364, 3.7548530101776123, -1.2602046728134155, 0.0, -0.38999998569488525, 0.47999998927116394, -0.6623125672340393, 0.30807608366012573, -0.5883525013923645, 0.3468034863471985, 0.10145320743322372, -0.28315505385398865, -0.726800262928009, 0.617488443851471, -0.03662509843707085, -0.43785062432289124, 0.5206459164619446, -0.002457502530887723, -0.32521185278892517, 0.9456287026405334, 0.004173723049461842, -0.1999281644821167, 0.4224737882614136, 0.32615530490875244, -6.485808849334717, 0.02146979793906212, -0.6889228820800781, -0.021981818601489067, -0.44803738594055176, 0.5110257267951965, -0.022396376356482506, -0.4250211715698242, 0.9024980068206787, 0.06597486883401871, -0.4150741398334503, 0.058580152690410614, -0.0751262754201889, 1.340524673461914, 0.26443278789520264, -3.791867971420288, 0.014965253882110119, -0.4412391483783722, 0.5171737670898438, 0.01512514241039753, -0.36743614077568054, 0.9274337887763977, -0.06803184747695923, -0.15604998171329498, 0.16553886234760284, 0.13420945405960083, -2.1552321910858154, -0.722823977470398, 0.7413922548294067, 0.03347553312778473, -0.4280833601951599, 0.523023247718811, -0.007722075097262859, 0.027694672346115112, 0.999153196811676, -0.02942897379398346, -0.21386080980300903, 0.6442948579788208, 0.40393152832984924, -13.682732582092285, -1.3160343170166016, 0.11850587278604507, -0.07263011485338211, -0.37227606773376465, 0.5207738876342773, 0.016646023839712143, -0.5602552890777588, 0.7117922902107239, 0.42330652475357056, -0.025226451456546783, 0.04134819656610489, 0.02485373243689537, 0.40969452261924744, 5.399615287780762, -4.222538948059082, -0.47371935844421387, 1.5228623151779175, -0.4162270128726959, -0.02752220630645752, -0.004108670633286238, 0.0060673486441373825, -0.17970243096351624, 0.7286722660064697, -0.31256020069122314, -0.00484447879716754, -0.0015170080587267876, 0.001187988556921482, 0.09215451031923294, 1.5121036767959595, -0.4789711833000183, -0.014369545504450798, 0.0013417289592325687, -0.0011163355084136128, 0.08157915621995926, 1.3773748874664307, -0.9308627843856812, -0.04483771324157715, 0.00038045761175453663, -0.0018400175031274557, -0.12745952606201172, 2.5268259048461914, -0.12813615798950195, -0.016510125249624252, -0.0026608346961438656, 0.006692294962704182, 1.0, -0.32464444637298584, -0.3628491759300232, 0.7797008156776428, -0.9536303281784058, 1.0, -0.07788942754268646, -1.0, -1.0, 0.3043941557407379, -1.0, -1.0, -0.6433447003364563, 1.0, -0.23037609457969666, 0.9300759434700012, -0.2786165177822113, 0.7526381611824036, 1.0, 1.0]
[0.694060742855072, -0.10568781942129135, -0.05235392600297928, 0.09769926220178604, -0.7027609348297119, -0.8263373374938965, 0.4463033080101013, -0.20126238465309143, -0.8035099506378174, -0.9007459878921509, -0.5578411817550659, -0.010698256082832813, -0.8825329542160034, -0.8286713361740112, -0.9753870964050293, -0.31859609484672546, 0.03527798131108284, -0.1800270527601242, -0.2882857918739319, 0.4960818588733673, -0.21554327011108398, 0.5332680344581604, 0.3806905448436737, 0.8392341732978821, 0.23178882896900177, -0.5077590346336365, -0.0095094358548522, 1.2716426849365234, 1.1610441207885742, 0.26914215087890625, 0.4431246817111969, 0.34769633412361145, 0.3178047239780426, 0.03604244440793991, -0.34984633326530457, 0.7862055897712708, -0.12663373351097107, -0.05060986429452896, 0.0748109221458435, -0.3152850866317749, 1.7475982904434204, 0.9065249562263489, 0.6270567774772644, 1.1368926763534546, 0.056886281818151474, 0.213692307472229, 0.7405568957328796, 0.28960302472114563, -0.5698182582855225, -3.417522430419922, 0.01015221606940031, -0.2830016016960144, -0.023472566157579422, 0.010016532614827156, -0.04472517967224121, -0.23561888933181763, -0.03770407661795616, -0.0012808205792680383, 0.006264462601393461, -0.26852089166641235, -0.0917496606707573, -0.0288509801030159, -0.2843800187110901, -0.014430860057473183, -0.2784285247325897, -0.052554626017808914, 0.0033925240859389305, 0.04429752007126808, -0.2391287088394165, -0.12841497361660004, -0.07101946324110031, -0.02562255598604679, -0.015073594637215137, -0.39966678619384766, 0.5251277089118958, -0.07115853577852249, 0.6365242600440979, -0.7433467507362366, -0.1928960382938385, -0.14165638387203217, -0.044366076588630676, -0.16488857567310333, 0.7134865522384644, 3.5725343227386475, -1.15358567237854, 0.0, -0.38999998569488525, 0.47999998927116394, -0.6623125672340393, 0.30807608366012573, -0.5883525013923645, 0.3468034863471985, -0.006942184641957283, -0.17028607428073883, -0.7709419131278992, 0.6136800050735474, -0.039980996400117874, -0.43162450194358826, 0.5230230689048767, -0.004694430157542229, -0.250203400850296, 0.9681063294410706, 0.012092138640582561, -0.20255599915981293, 0.5322454571723938, 0.12089884281158447, -10.969615936279297, 0.20521770417690277, -1.1532691717147827, -0.027776136994361877, -0.4466843008995056, 0.5080284476280212, -0.030168689787387848, -0.42332762479782104, 0.900510847568512, 0.09467712044715881, -0.34964966773986816, 0.10487072169780731, -0.24775198101997375, -0.8934919238090515, 0.911810576915741, -3.2632317543029785, 0.012309716083109379, -0.4394652843475342, 0.5162580013275146, 0.011469387449324131, -0.3574926555156708, 0.9308370351791382, -0.07489807903766632, -0.1669103503227234, 0.08986064046621323, -0.16314120590686798, -0.4855062961578369, -0.8457698225975037, 0.4700961709022522, 0.03010777197778225, -0.4206852614879608, 0.5271307229995728, -0.017286336049437523, 0.1418553590774536, 0.9892760515213013, -0.0301829781383276, -0.23110926151275635, 0.6502390503883362, 0.03593829274177551, -14.080647468566895, -1.7074522972106934, -0.05857379361987114, -0.07302320003509521, -0.37254804372787476, 0.5186721086502075, 0.03418969362974167, -0.5517492294311523, 0.6887938976287842, 0.46900615096092224, -0.04334427788853645, -0.027786318212747574, -0.2017410546541214, 2.387042760848999, 4.672141075134277, -3.4151647090911865, 0.0010586000280454755, 0.4770347774028778, -0.819886326789856, 0.017172055318951607, 0.0006809734040871263, -0.0013295485405251384, -0.3222072124481201, 0.6662139892578125, -0.644687294960022, 0.008712389506399632, -0.002696856390684843, 0.001286020502448082, 0.08350345492362976, 1.3226678371429443, -0.7625787258148193, -0.009010963141918182, 0.001861658412963152, -0.00046666248817928135, -0.04772570729255676, 0.14437589049339294, -1.4690696001052856, 0.0055581615306437016, 9.15798227651976e-05, -0.00036687456304207444, -1.0585190057754517, 1.427736759185791, -0.10753411054611206, -0.00839272327721119, -0.008686249144375324, 0.00038570951437577605, 1.0, -0.7424850463867188, -0.023039475083351135, 0.8091294765472412, 0.19455523788928986, 1.0, -0.0057913437485694885, -0.5054628252983093, -1.0, 0.40282177925109863, -0.9521747827529907, -1.0, -0.73982173204422, 1.0, 0.46304959058761597, 1.0, -0.2567721903324127, 1.0, 1.0, 1.0]
[0.7399023175239563, -0.17416422069072723, -0.06925282627344131, 0.17312543094158173, -0.5522294044494629, -0.7578089833259583, 0.5498782396316528, -0.17535990476608276, -0.6762520670890808, -0.8747766613960266, -0.6319475173950195, 0.07809104025363922, -0.8688400387763977, -0.8294334411621094, -0.9649360179901123, -0.3688763678073883, 0.2030593305826187, -0.09467843174934387, -0.19929341971874237, 0.5790272951126099, -0.17287951707839966, 0.604428768157959, 0.4428425431251526, 0.8674101829528809, 0.12430959939956665, -0.4634978473186493, -0.1028989776968956, 0.38417932391166687, 1.5073298215866089, 1.1565808057785034, 0.4099934995174408, 0.21136315166950226, 1.6412495374679565, 0.6561166644096375, -0.2798028886318207, 0.8443217277526855, 0.2622862458229065, 0.04335363209247589, 0.028354734182357788, -0.14806585013866425, 1.4425793886184692, 0.7256234288215637, 0.935357391834259, 0.9654672741889954, 0.4471166133880615, 0.1610857993364334, 0.19107703864574432, 0.24230992794036865, -2.8371658325195312, 0.883730411529541, -0.07383847236633301, -0.2330392748117447, -0.08959091454744339, 0.010869159363210201, -0.0968179851770401, 0.022983510047197342, 0.09400589764118195, 0.07443994283676147, -0.06787902116775513, 0.030275065451860428, 0.03816600888967514, 0.01931578665971756, 0.0035277847200632095, -0.035775233060121536, -0.06994842737913132, -0.0551033616065979, -0.015644652768969536, -0.0255882628262043, 0.24208366870880127, 0.11181411147117615, -0.06824549287557602, -0.026517879217863083, -0.015916630625724792, -0.39971187710762024, 0.5236074328422546, -0.14346493780612946, 0.6289719939231873, -0.7070600986480713, -0.28961697220802307, 0.021575292572379112, 0.04772086441516876, -0.01871434785425663, 0.387927770614624, 2.3990731239318848, -0.5304848551750183, 0.0, -0.38999998569488525, 0.47999998927116394, -0.6623125672340393, 0.30807608366012573, -0.5883525013923645, 0.3468034863471985, -0.0893421396613121, -0.07653311640024185, -0.7879857420921326, 0.6043502688407898, -0.042177651077508926, -0.4269060492515564, 0.5217252373695374, -0.005171860568225384, -0.15685878694057465, 0.9874667525291443, 0.016669129952788353, -0.07888845354318619, 0.4020320177078247, -0.08051464706659317, -12.923016548156738, 0.30633965134620667, -0.18868601322174072, -0.03180985152721405, -0.44434475898742676, 0.5049191117286682, -0.028249025344848633, -0.37696900963783264, 0.917854368686676, 0.12099410593509674, -0.16144511103630066, 0.27803370356559753, -0.02174297533929348, -9.840157508850098, 3.26279616355896, -2.1635313034057617, 0.010171049274504185, -0.43735232949256897, 0.5143455266952515, 0.005455800332129002, -0.33869799971580505, 0.9373216032981873, -0.08174379914999008, -0.10905544459819794, 0.19008088111877441, -0.04879091680049896, -3.3779468536376953, -1.3268862962722778, 0.4927104413509369, 0.027279112488031387, -0.41381803154945374, 0.5277791619300842, -0.02603095956146717, 0.2550020217895508, 0.9662097692489624, -0.027109244838356972, -0.15089061856269836, 0.5663784742355347, -0.11093965917825699, -13.266560554504395, -1.422313928604126, -0.5008859038352966, -0.07170723378658295, -0.374090313911438, 0.5158054232597351, 0.06751960515975952, -0.5472914576530457, 0.6714158058166504, 0.49508988857269287, 0.18682613968849182, -0.14862243831157684, -0.15417827665805817, 2.596923351287842, 4.7089667320251465, 0.7208443284034729, -0.6228054165840149, 0.7557860016822815, -0.19762057065963745, 0.022205950692296028, -0.0016591725870966911, 0.004498493392020464, -0.7023436427116394, -1.4859026670455933, 0.14723831415176392, 0.0521514005959034, -0.0030513396486639977, 0.003456262405961752, -0.5013754963874817, -0.485360324382782, 0.18527494370937347, 0.01203538291156292, -0.0012982828775420785, 0.0004918447812087834, -0.49327388405799866, 0.4907493591308594, -0.461787611246109, -0.008283411152660847, -0.0017925899010151625, 0.00048342629452235997, -0.9525842666625977, -1.5075916051864624, 0.16024073958396912, 0.008548377081751823, -0.011276539415121078, 0.00636875256896019, 0.6125485301017761, -0.48491519689559937, -0.26843321323394775, 0.2275189757347107, 0.3775325417518616, 1.0, 0.0584605410695076, 0.586933970451355, -1.0, 0.6098121404647827, -0.6400923132896423, -0.9922829270362854, -0.5119702219963074, 1.0, 0.2884523570537567, 1.0, 0.3023435175418854, 1.0, 0.4553106129169464, 1.0]
[0.736864447593689, -0.1949097365140915, -0.07350409775972366, 0.15882068872451782, -0.4727858603000641, -0.6189659237861633, 0.6095129251480103, -0.18617069721221924, -0.5536341071128845, -0.7492094039916992, -0.689353346824646, 0.16407713294029236, -0.8681892156600952, -0.8264173865318298, -0.9666311144828796, -0.3439875841140747, 0.3399353623390198, -0.0606464184820652, -0.11867038160562515, 0.6374378204345703, -0.11513315141201019, 0.6596020460128784, 0.4271738827228546, 0.8903480172157288, -0.10837924480438232, 0.05682015046477318, 0.09237685054540634, -0.26051637530326843, 0.31211262941360474, 1.0903868675231934, -0.060587573796510696, -0.35967934131622314, 0.875926673412323, 1.3758326768875122, -0.21596315503120422, 0.7773768305778503, -0.12493249028921127, -0.00789128802716732, -0.018273726105690002, 0.23179693520069122, 1.171989917755127, 0.09618933498859406, 0.490527480840683, 0.5891257524490356, 0.4070223867893219, 0.12666194140911102, -0.24701368808746338, 0.19488632678985596, -5.442723751068115, 5.656983852386475, -0.0599847137928009, 0.24264968931674957, -0.020768458023667336, -0.04037647694349289, -0.39731156826019287, 0.07429058849811554, -0.06144982576370239, -0.02102998085319996, -0.1456778198480606, 0.24171626567840576, 0.05724344402551651, 0.012296004220843315, 0.3402973711490631, -0.04000427573919296, 0.1335524171590805, -0.03434786945581436, -0.04537172615528107, -0.1546156108379364, 0.3213837444782257, 0.14865723252296448, 0.04364611580967903, 0.010832104831933975, -0.01414782926440239, -0.3988856375217438, 0.5240588784217834, -0.20738038420677185, 0.6096348762512207, -0.6743496656417847, -0.3613738715648651, 0.18739299476146698, 0.08465555310249329, 0.07414482533931732, 0.21115665137767792, 1.893977165222168, -0.16273586452007294, 0.0, -0.38999998569488525, 0.47999998927116394, -0.6623125672340393, 0.30807608366012573, -0.5883525013923645, 0.3468034863471985, -0.16033348441123962, -0.0018633072031661868, -0.7863619327545166, 0.5965941548347473, -0.04196023941040039, -0.4265246093273163, 0.5202270746231079, -0.004134503658860922, -0.08345973491668701, 0.9963769912719727, 0.015814395621418953, 0.08085671812295914, 0.0455755889415741, 0.007293250877410173, -5.98468017578125, 0.29297083616256714, 0.053136132657527924, -0.03227434679865837, -0.443032443523407, 0.5043314695358276, -0.017141591757535934, -0.29542723298072815, 0.9459168910980225, 0.13292911648750305, 0.16856513917446136, 0.11140602082014084, 0.09495745599269867, -9.366063117980957, 2.5838921070098877, 1.3178856372833252, 0.010476305149495602, -0.4345009922981262, 0.5161896347999573, 0.002865667687729001, -0.31095221638679504, 0.9459198713302612, -0.09239131957292557, 0.10342743992805481, 0.22962065041065216, 0.2660495638847351, -3.4650115966796875, -0.7962294220924377, 1.419075608253479, 0.02670656517148018, -0.40751683712005615, 0.5298248529434204, -0.02670196443796158, 0.3430918753147125, 0.9386868476867676, -0.02102058380842209, 0.04823624715209007, 0.47763022780418396, 0.10991015285253525, -8.973231315612793, -0.16423755884170532, -0.8972609043121338, -0.06800471991300583, -0.3763675391674042, 0.5150741338729858, 0.10430063307285309, -0.5388491749763489, 0.6711046695709229, 0.4983787536621094, 0.3350205719470978, -0.1667046695947647, 0.0396948903799057, 0.6919283866882324, 3.0472512245178223, 3.141443967819214, -0.7879236936569214, 0.5574861764907837, 1.4323556423187256, -0.032014183700084686, -0.0015751481987535954, -0.00204279413446784, -2.459913492202759, 0.4374559223651886, 0.8119903802871704, -0.01446814276278019, -0.013003410771489143, 0.028354346752166748, -1.222421646118164, -0.844709038734436, 1.1741725206375122, -0.0003746312577277422, -0.005456133745610714, 0.0021344043780118227, -0.9502013921737671, 1.2051169872283936, 0.7943159341812134, -0.02729497104883194, -0.0028257593512535095, 0.0016268248436972499, 0.6053353548049927, -1.9643319845199585, 0.37053999304771423, 0.007580215577036142, 0.0011467360891401768, 0.013205785304307938, 0.020199311897158623, 0.1638018786907196, -0.07631488144397736, -0.42056065797805786, -0.5166332125663757, 1.0, -0.1715761423110962, -0.13937842845916748, -1.0, 0.6487206220626831, -1.0, -0.9479313492774963, 0.10167225450277328, 1.0, -0.12139684706926346, 0.845697820186615, 0.24753156304359436, 1.0, 0.09917111694812775, 1.0]
[0.6666565537452698, -0.1668410301208496, -0.06057637929916382, 0.13102497160434723, -0.4847184717655182, -0.5629443526268005, 0.5943319201469421, -0.2126866728067398, -0.5276776552200317, -0.6427831649780273, -0.7347455620765686, 0.19766198098659515, -0.8407920002937317, -0.8229261040687561, -0.9430279731750488, -0.24698400497436523, 0.4524604082107544, -0.0871826633810997, -0.1010856106877327, 0.6718001961708069, -0.10274670273065567, 0.7122061252593994, 0.4377976059913635, 0.9085754156112671, -0.37478265166282654, 0.2903200387954712, -0.0070613594725728035, -0.21032093465328217, -0.3366079032421112, 0.11398851871490479, -0.028261883184313774, -0.1926228553056717, -0.06654180586338043, 0.5243306756019592, -0.17478829622268677, 0.06441546976566315, 0.4488471448421478, 0.09514688700437546, 0.18212367594242096, 0.48351678252220154, 0.9694550633430481, -0.4241330623626709, -0.03237350657582283, 0.3285927474498749, -0.0818806067109108, 0.1268743872642517, 0.2325311154127121, 0.15637505054473877, -6.144805431365967, 2.4093308448791504, -0.14371612668037415, 0.12063123285770416, -0.007075796835124493, -0.03781569004058838, -0.1490757316350937, 0.21009561419487, 0.00925687700510025, -0.0440586656332016, -0.14745178818702698, -0.1076975166797638, -0.013749217614531517, 0.0013642909470945597, 0.1736733615398407, -0.039591655135154724, 0.06719905138015747, -0.02967367321252823, -0.030316278338432312, -0.03470388427376747, 0.06180094927549362, 0.014358419924974442, 0.06778410077095032, 0.025125565007328987, -0.009700575843453407, -0.3977789878845215, 0.5253614187240601, -0.2638758420944214, 0.5839096307754517, -0.6494653820991516, -0.409406453371048, 0.3056775629520416, 0.017474593594670296, 0.09415846318006516, 0.10955261439085007, 1.7476495504379272, 0.0983063206076622, 0.0, -0.38999998569488525, 0.47999998927116394, -0.6623125672340393, 0.30807608366012573, -0.5883525013923645, 0.3468034863471985, -0.21920813620090485, 0.05373308062553406, -0.7715490460395813, 0.5947878956794739, -0.03833313658833504, -0.42821204662323, 0.5214273929595947, -0.002627569017931819, -0.06882571429014206, 0.9976001977920532, 0.007064951118081808, 0.32691511511802673, -0.130295068025589, 0.13229626417160034, 0.7122845649719238, -0.01649271883070469, 1.9183456897735596, -0.028000453487038612, -0.4438808262348175, 0.5060340762138367, -0.009391536004841328, -0.24801094830036163, 0.961210310459137, 0.1203201562166214, 0.3658692240715027, -0.036553625017404556, 0.1788482367992401, -2.751650333404541, 0.2953658998012543, 2.058708906173706, 0.014613205567002296, -0.43200749158859253, 0.5202870965003967, 0.005470807198435068, -0.2787073850631714, 0.9539604783058167, -0.1106865331530571, 0.3599338233470917, 0.19176779687404633, 0.2947700321674347, -4.426405906677246, -0.7617897987365723, 2.5715932846069336, 0.02871851995587349, -0.40117764472961426, 0.5345762968063354, -0.024746032431721687, 0.39103737473487854, 0.919929027557373, -0.014416187070310116, 0.1905554085969925, 0.4337373375892639, 0.27535152435302734, -4.504485130310059, -0.2831262946128845, -0.7357478141784668, -0.06385588645935059, -0.37814173102378845, 0.5163570642471313, 0.11945047229528427, -0.5235635042190552, 0.6806102395057678, 0.4983796775341034, 0.27184808254241943, -0.08504576236009598, 0.14080610871315002, -1.925000786781311, 1.341137409210205, 1.1253339052200317, -1.263138771057129, 0.5558978319168091, 0.7228218913078308, -0.029477225616574287, -0.0007975432090461254, 0.009573766961693764, -1.0636272430419922, 0.2035265564918518, 0.6511033773422241, -0.04100576788187027, -0.001356754219159484, 0.003072016639634967, -1.2720913887023926, 0.25298067927360535, 0.39234670996665955, 0.005159000866115093, -0.004565943963825703, 0.004166248720139265, -0.7450766563415527, 0.7855237722396851, 0.38253265619277954, -0.01853342168033123, 0.002796185202896595, 0.0006240552756935358, 0.8061984777450562, -0.294857919216156, 0.11882167309522629, -0.0034300333354622126, 0.012226391583681107, 0.00765276700258255, -0.4358716905117035, 0.2085106521844864, -0.14670895040035248, -0.32504481077194214, -0.798540472984314, 1.0, 0.02495685964822769, -0.7234055995941162, -1.0, 0.11038078367710114, -0.4789958596229553, -0.6314771175384521, 0.4897603988647461, 1.0, -0.4311583638191223, 0.774080753326416, -0.2662679851055145, 1.0, 0.7853521704673767, 1.0]
[0.5791953802108765, -0.14441843330860138, -0.06276142597198486, 0.15793949365615845, -0.49451667070388794, -0.5625265836715698, 0.5986256003379822, -0.18613548576831818, -0.5459808707237244, -0.6261053085327148, -0.7777772545814514, 0.16979993879795074, -0.7795659303665161, -0.8064025044441223, -0.9062151908874512, -0.12328234314918518, 0.5465049147605896, -0.0970185324549675, -0.10645617544651031, 0.6910117268562317, -0.16518886387348175, 0.7715747356414795, 0.5016781091690063, 0.9237169623374939, -0.2908497750759125, 0.07685365527868271, -0.06265389174222946, 0.48259082436561584, 0.045977864414453506, -0.008544216863811016, 0.06877873837947845, 0.4982292354106903, -0.21109037101268768, -0.0040025548078119755, -0.1770523190498352, -0.43624815344810486, 0.620520830154419, 0.1927497237920761, 0.1568506807088852, 0.5202577114105225, 0.8166734576225281, 0.0862896516919136, -0.016248634085059166, 0.18505477905273438, -0.6589632630348206, 0.1448071449995041, 0.4783438742160797, 0.13189305365085602, 2.33829665184021, -2.221283197402954, 0.017642805352807045, 0.07089444249868393, 0.07169750332832336, 0.030039217323064804, 0.09516403824090958, 0.043146781623363495, 0.02655365690588951, 0.0017066695727407932, 0.06211463361978531, -0.2439306080341339, -0.08855700492858887, -0.02781582623720169, -0.12313796579837799, 0.018502308055758476, -0.145241841673851, -0.0058995941653847694, 0.007663330063223839, -0.005934927146881819, -0.3645976185798645, -0.1929028332233429, 0.02328352816402912, 0.007196732796728611, -0.004250996746122837, -0.3978678584098816, 0.5259847044944763, -0.31872525811195374, 0.553488552570343, -0.6218774318695068, -0.4531368613243103, 0.3202528655529022, -0.01697009615600109, 0.0019954268354922533, 0.22506459057331085, 1.8686870336532593, 0.03290284797549248, 0.0, -0.38999998569488525, 0.47999998927116394, -0.6623125672340393, 0.30807608366012573, -0.5883525013923645, 0.3468034863471985, -0.2765924334526062, 0.10719794034957886, -0.7506642937660217, 0.5903459787368774, -0.03356855735182762, -0.4278501272201538, 0.5241522789001465, -0.001682780566625297, -0.05534183979034424, 0.9984412789344788, -0.0070295678451657295, 0.262125164270401, 0.13947947323322296, 0.17084160447120667, -2.9859156608581543, -0.07498220354318619, 1.7514373064041138, -0.02274821698665619, -0.44383755326271057, 0.5090543031692505, -0.005628676153719425, -0.23222875595092773, 0.966645359992981, 0.10786426067352295, 0.28988248109817505, 0.07308141142129898, 0.19817793369293213, -1.7660173177719116, 0.36175015568733215, 1.1716077327728271, 0.020068036392331123, -0.43112725019454956, 0.5218814015388489, 0.008257856592535973, -0.2532717287540436, 0.9584047198295593, -0.13132227957248688, 0.30883893370628357, 0.03750570863485336, 0.013707172125577927, -2.2026991844177246, -0.663163423538208, 2.2294230461120605, 0.03123302385210991, -0.394889771938324, 0.5382688045501709, -0.022987421602010727, 0.42887061834335327, 0.9030576348304749, -0.005335959605872631, 0.14150917530059814, 0.410036563873291, 0.08526065945625305, -5.1820526123046875, -0.3429681658744812, -1.392539620399475, -0.062204938381910324, -0.37897276878356934, 0.5163800716400146, 0.11175204813480377, -0.5156888365745544, 0.6819822192192078, 0.5064352750778198, -0.02165737748146057, -0.005875608418136835, -0.05376390740275383, -0.8397438526153564, -0.2782845199108124, -2.144251585006714, 0.2995549440383911, -0.963883638381958, -0.1270611584186554, 0.01558096893131733, 0.0007136126514524221, 0.0018697661580517888, 0.6160939931869507, -0.2343219518661499, -0.19615602493286133, -0.0018081602174788713, 0.0011522348504513502, -0.0057375067844986916, 0.5686632990837097, 1.1737303733825684, -0.6904207468032837, -0.010209869593381882, 0.0026148962788283825, -0.0020194444805383682, 0.29915446043014526, -0.33093947172164917, -0.7441446185112, 0.0026992387138307095, -0.002129146596416831, -0.0010867798700928688, 0.27178508043289185, 2.5137150287628174, -0.27161064743995667, -0.016011081635951996, 0.002848180942237377, -0.0023410869762301445, 0.3669207692146301, -0.21020424365997314, -0.26450151205062866, 0.5410513877868652, -0.3885255753993988, 1.0, 0.26924219727516174, -0.6883342862129211, -1.0, -0.21173368394374847, -0.39733755588531494, -0.7772797346115112, 0.5991107821464539, 1.0, 0.042869143187999725, 0.7500087022781372, -0.8748607039451599, 1.0, 1.0, 1.0]
[0.4942968487739563, -0.15820930898189545, -0.10352455824613571, 0.22971485555171967, -0.4111228585243225, -0.5472363829612732, 0.6078578233718872, -0.10529177635908127, -0.48758888244628906, -0.6186141967773438, -0.8155554533004761, 0.1666083037853241, -0.7153770327568054, -0.785317063331604, -0.8888130187988281, 0.0032500755041837692, 0.6255556344985962, -0.05102742090821266, -0.09935066103935242, 0.7110504508018494, -0.2323312908411026, 0.8155021667480469, 0.5806370377540588, 0.9369790554046631, -0.34018474817276, -0.20111405849456787, -0.1871604174375534, 0.7812954783439636, 1.1552742719650269, 0.4147559106349945, -0.014594830572605133, 0.8947858810424805, 0.9475693106651306, 0.25047120451927185, -0.14381496608257294, 0.18762151896953583, 0.5808843970298767, 0.19908325374126434, 0.025110945105552673, 0.5180556178092957, 0.6833885908126831, 0.6031627058982849, 0.14387089014053345, 0.28489792346954346, -0.3884525001049042, 0.08970149606466293, 0.4859565794467926, 0.11626888811588287, -1.2112796306610107, -2.55212664604187, -0.030564961954951286, -0.046888794749975204, 0.06790927052497864, 0.054501187056303024, -0.07828874886035919, -0.03999337553977966, 0.08067154884338379, 0.05268830060958862, -0.012700021266937256, 0.028408031910657883, 0.018519217148423195, 0.00848458893597126, -0.2721775770187378, -0.011051175184547901, -0.14521542191505432, -0.006144532933831215, 0.009619122371077538, 0.10643463581800461, 0.07170332223176956, 0.030739864334464073, -0.08759550750255585, -0.02822037599980831, 0.0017308432143181562, -0.39834022521972656, 0.5251104831695557, -0.3802739381790161, 0.5170296430587769, -0.5831151604652405, -0.4980449974536896, 0.3748968839645386, -0.03718619421124458, -0.06521577388048172, 0.32054582238197327, 2.3181958198547363, 0.0011694299755617976, 0.0, -0.38999998569488525, 0.47999998927116394, -0.6623125672340393, 0.30807608366012573, -0.5883525013923645, 0.3468034863471985, -0.3371899127960205, 0.170274019241333, -0.7205342650413513, 0.5814982652664185, -0.028745435178279877, -0.4244321584701538, 0.526087760925293, -0.0037624677643179893, 0.0074393004179000854, 0.9995951652526855, -0.027201317250728607, 0.2856466472148895, 0.4250936210155487, 0.0800221860408783, -10.735556602478027, -0.7274945974349976, 2.542337417602539, -0.01706869713962078, -0.44121620059013367, 0.5121244192123413, 0.00343535584397614, -0.18011461198329926, 0.9788904190063477, 0.09654230624437332, 0.4267805814743042, 0.34280094504356384, 0.223099946975708, -9.251908302307129, 2.028473377227783, 2.200732946395874, 0.024937722831964493, -0.4298056662082672, 0.5213894248008728, 0.0066778096370399, -0.22591917216777802, 0.9623592495918274, -0.15093183517456055, 0.2812075614929199, 0.1698032170534134, -0.026404771953821182, -3.614656925201416, -1.5322206020355225, 2.143497943878174, 0.034163739532232285, -0.3893691301345825, 0.5385015606880188, -0.01809415966272354, 0.4728037118911743, 0.8809757232666016, 0.003301706165075302, 0.22787094116210938, 0.35623443126678467, -0.14843447506427765, -6.120752334594727, 0.2668924927711487, -1.1303693056106567, -0.06094423681497574, -0.3800306022167206, 0.5144960880279541, 0.10657338052988052, -0.5149937272071838, 0.6758171916007996, 0.5164248943328857, 0.11096435785293579, -0.08363085240125656, -0.14191846549510956, 0.3544280529022217, 0.6689925193786621, -1.0186939239501953, -0.20009157061576843, -1.0747160911560059, -0.37701934576034546, 0.0383804515004158, 0.00010553394531598315, 0.0013299258425831795, -0.5074613690376282, -1.0722838640213013, -0.3391309380531311, 0.03660403937101364, -0.0025915142614394426, 0.004426263272762299, -0.06627810001373291, -0.25775662064552307, -0.40581050515174866, 0.004618239589035511, 0.0012357033556327224, 0.0006883902242407203, -0.32909315824508667, -0.5095593929290771, -0.8426494002342224, 0.0019757323898375034, 0.0004671241622418165, 0.003578467294573784, -1.2580090761184692, -0.43295976519584656, -0.11899236589670181, 0.003289006417617202, -0.00809223297983408, -0.0019581990782171488, -0.14642515778541565, -0.45346230268478394, -0.8173543810844421, 0.7173067331314087, 0.47252485156059265, 1.0, 0.5362561345100403, 0.2927611470222473, -1.0, 0.39030763506889343, -0.37571048736572266, -1.0, 0.6987048983573914, 1.0, 0.39420634508132935, 0.8662746548652649, -0.4611745774745941, 1.0, 1.0, 1.0]
[0.3673936426639557, -0.16752395033836365, -0.15483970940113068, 0.2711370885372162, -0.2348727285861969, -0.42981836199760437, 0.5889008045196533, -0.04821283742785454, -0.3360499143600464, -0.5281674861907959, -0.8432911038398743, 0.23742826282978058, -0.6328060626983643, -0.7618857622146606, -0.8953993916511536, 0.1447322815656662, 0.6893073320388794, 0.01920195296406746, -0.060332346707582474, 0.7442538142204285, -0.2587871253490448, 0.8369227051734924, 0.6091954112052917, 0.9484735131263733, -0.5678730010986328, 0.021771986037492752, -0.17520485818386078, 0.1936424821615219, 1.876166582107544, 1.732693076133728, -0.1190531998872757, 0.30885693430900574, 1.6196244955062866, 1.4265540838241577, -0.10287455469369888, 0.9208871722221375, 0.8674303293228149, 0.25629332661628723, -0.06174657866358757, 0.6117891073226929, 0.5422791838645935, 0.6741808652877808, 0.6023013591766357, 0.4812493324279785, -0.06955213844776154, 0.04160124063491821, 0.008951826952397823, 0.09853839129209518, -4.920594692230225, 2.4699087142944336, -0.07447033375501633, -0.06117824465036392, -0.005974111147224903, 0.047826237976551056, -0.1581457555294037, -0.016401490196585655, 0.005340723320841789, 0.04674016684293747, -0.11631101369857788, 0.2886919677257538, 0.1308654397726059, 0.0507124587893486, 0.03835266828536987, -0.019102660939097404, 0.04605415463447571, 0.0009406439494341612, 0.01641492173075676, 0.042069707065820694, 0.36726072430610657, 0.17862842977046967, -0.0815785825252533, -0.02872462384402752, 0.00831924844533205, -0.39875224232673645, 0.5225376486778259, -0.44232121109962463, 0.47797971963882446, -0.5368139147758484, -0.5363935232162476, 0.48531410098075867, -0.01605181023478508, -0.15085652470588684, 0.5020077228546143, 2.811776876449585, 0.06123466044664383, 0.0, -0.38999998569488525, 0.47999998927116394, -0.6623125672340393, 0.30807608366012573, -0.5883525013923645, 0.3468034863471985, -0.39281758666038513, 0.2357172816991806, -0.6820607781410217, 0.5700216889381409, -0.022070016711950302, -0.4204696714878082, 0.5274935364723206, -0.013014604337513447, 0.1355227530002594, 0.9891805052757263, -0.05464540794491768, 0.40975555777549744, 0.5039386749267578, 0.02551264688372612, -19.010242462158203, -2.1693153381347656, 3.491690158843994, -0.008567740209400654, -0.43755415081977844, 0.5152731537818909, 0.015926530584692955, -0.06662268191576004, 0.9950253963470459, 0.0723336786031723, 0.6308743953704834, 0.4648045599460602, 0.2335977703332901, -16.676685333251953, 2.397458553314209, 4.1306538581848145, 0.030571237206459045, -0.42479830980300903, 0.5240765810012817, -0.0011544593144208193, -0.16124297678470612, 0.9712374210357666, -0.1752057820558548, 0.3351469039916992, 0.5458166599273682, 0.3310909867286682, -9.72185230255127, -3.517791748046875, 2.738090991973877, 0.03949938714504242, -0.3837151527404785, 0.5379793047904968, -0.010919754393398762, 0.5280954241752625, 0.8490992188453674, 0.0051369317807257175, 0.399590402841568, 0.42128267884254456, -0.1268225610256195, -8.962089538574219, 0.8076679706573486, -0.3450046479701996, -0.056083593517541885, -0.38266971707344055, 0.5130054354667664, 0.12391497194766998, -0.5132070183753967, 0.6761075258255005, 0.5139476656913757, 0.44876062870025635, -0.22136510908603668, -0.053849078714847565, 1.123558521270752, 1.756232500076294, 2.7735066413879395, -0.8018838167190552, -0.22997036576271057, 0.23596501350402832, 0.0443766824901104, -0.00035514746559783816, 0.002900857012718916, -1.04171884059906, -0.5111252069473267, 0.291787713766098, 0.039073288440704346, -0.0004816412692889571, 0.008470695465803146, -0.9954797625541687, -1.6758848428726196, 0.9410056471824646, 0.02557419054210186, -0.0032802745699882507, 0.003738518338650465, -0.72284334897995, -0.014561610296368599, 0.3220527172088623, 0.016196496784687042, 0.0036218049935996532, 0.0036923848092556, -1.1065194606781006, -2.426968574523926, 0.24800843000411987, 0.013025440275669098, -0.011020321398973465, 0.0036161071620881557, -1.0, -0.006424243561923504, -0.9475030303001404, 0.03850727528333664, 0.9851025342941284, 0.8133293390274048, 0.25225207209587097, 0.7503977417945862, -1.0, 0.9685890674591064, -0.049697231501340866, -1.0, 1.0, 1.0, 0.4262555241584778, 1.0, -0.1701841652393341, 1.0, 0.4762125611305237, 1.0]
[0.20116780698299408, -0.17229101061820984, -0.22470758855342865, 0.22566978633403778, -0.034373100847005844, -0.20442041754722595, 0.43782731890678406, -0.04435397684574127, -0.16804541647434235, -0.337975412607193, -0.8084895014762878, 0.33898091316223145, -0.5023513436317444, -0.695962131023407, -0.9066268801689148, 0.28432831168174744, 0.7427583336830139, 0.06883808970451355, 0.011430736631155014, 0.7823995351791382, -0.31848737597465515, 0.865037739276886, 0.6133825778961182, 0.8564509153366089, -0.6641456484794617, -0.07924211025238037, -0.42249321937561035, -0.8261836171150208, 1.8311882019042969, 2.288599967956543, -0.8560004234313965, -0.051326651126146317, 1.5203438997268677, 1.9382575750350952, 0.27324116230010986, 0.9544252753257751, 1.387832522392273, 1.0966979265213013, -0.049705252051353455, 0.5513224005699158, 0.468128502368927, 0.3438408076763153, 0.6244396567344666, 0.467598021030426, -0.6283383965492249, 0.07590100169181824, 0.027571026235818863, -1.342574954032898, -2.1175167560577393, -1.0328700542449951, -0.06764296442270279, -0.3404238224029541, -0.1500501036643982, -0.04380455240607262, -0.14914479851722717, -0.08790087699890137, -0.04571744054555893, -0.008787548169493675, -0.00013801005843561143, -0.07007389515638351, 0.0037956638261675835, 0.043830081820487976, -0.11587978899478912, -0.014258143492043018, -0.037499114871025085, -0.03482929617166519, -0.020046450197696686, 0.05357649549841881, -0.17080195248126984, -0.0951714888215065, -0.04444953426718712, -0.0491371676325798, 0.01792299561202526, -0.39863303303718567, 0.5186747908592224, -0.5286650657653809, 0.40550610423088074, -0.46146395802497864, -0.5857721567153931, 0.6088600158691406, 0.004126319661736488, -0.2532242238521576, 0.5418547987937927, 3.531437635421753, 0.2050025910139084, 0.0, -0.38999998569488525, 0.47999998927116394, -0.6623125672340393, 0.30807608366012573, -0.5883525013923645, 0.3468034863471985, -0.47489264607429504, 0.32650133967399597, -0.6103805899620056, 0.5434238910675049, -0.01320827566087246, -0.4195351302623749, 0.5263417959213257, -0.034037306904792786, 0.27882617712020874, 0.955710768699646, -0.08783067017793655, 0.5008441805839539, 0.13315139710903168, -0.31761249899864197, -15.753464698791504, -3.4623944759368896, 5.1331377029418945, 0.0032323431223630905, -0.4348411560058594, 0.5163279175758362, 0.017007147893309593, 0.07409346103668213, 0.9969443678855896, 0.017962312325835228, 0.7456868886947632, 0.40920817852020264, -0.04481713846325874, -16.550539016723633, -0.08254273980855942, 8.057615280151367, 0.03620533645153046, -0.41704943776130676, 0.5279738903045654, -0.019547943025827408, -0.04869697242975235, 0.9796755909919739, -0.1936032623052597, 0.23287393152713776, 0.7245899438858032, 0.21393343806266785, -15.538372993469238, -6.1486310958862305, 0.9919002056121826, 0.04647374898195267, -0.37812286615371704, 0.5374723076820374, -0.006776024121791124, 0.5827502012252808, 0.8126229643821716, 3.4374312235740945e-05, 0.43261033296585083, 0.34734010696411133, -0.1476631909608841, -6.642925262451172, 0.7191556096076965, 0.5826576948165894, -0.05033489316701889, -0.3857460618019104, 0.5106329321861267, 0.17449991405010223, -0.5378745794296265, 0.6659688949584961, 0.48654502630233765, 0.393882155418396, -0.25515782833099365, -0.3153591752052307, 8.772380828857422, 0.7485802173614502, 5.031345367431641, -0.40340128540992737, 1.357918381690979, -1.7871367931365967, -0.02343577891588211, 0.005617852322757244, 0.008059155195951462, -0.7989926338195801, 0.34116291999816895, -0.6176365613937378, -0.003670104779303074, 0.0018002083525061607, 0.013003546744585037, -0.07476074248552322, -0.464259535074234, -0.344959020614624, 0.036866188049316406, 0.0005599347641691566, -0.004898120649158955, -0.18390251696109772, 0.1874200999736786, -0.4119962155818939, -0.017235148698091507, 0.004005380906164646, 0.001287722261622548, -1.2978618144989014, 1.2409777641296387, -0.1838160753250122, -0.009783817455172539, -0.028371375054121017, -0.0022152280434966087, -1.0, -0.34029462933540344, -1.0, -0.5585472583770752, 1.0, -1.0, -0.10122228413820267, 0.6989888548851013, -0.28896862268447876, 0.925768256187439, 0.40335869789123535, -1.0, 1.0, 1.0, 0.20523053407669067, 1.0, -0.9628183245658875, 1.0, 0.6190603971481323, -0.20053352415561676]
[0.018403857946395874, -0.16480326652526855, -0.2926193177700043, 0.10456567257642746, 0.14228595793247223, 0.02647736296057701, 0.2771642506122589, -0.11796924471855164, -0.004556815139949322, -0.1380060464143753, -0.6856542229652405, 0.38758400082588196, -0.3540276885032654, -0.5390673279762268, -0.9225769639015198, 0.4054248034954071, 0.7886046767234802, 0.03166626766324043, 0.04190870374441147, 0.8045632839202881, -0.41177403926849365, 0.8892399668693542, 0.6049692630767822, 0.6983130574226379, -0.692878007888794, 0.16305474936962128, -0.03272116556763649, -1.208714485168457, 1.5175142288208008, 2.0033466815948486, -0.4551668167114258, -1.1997525691986084, 1.3750572204589844, 1.7802520990371704, 0.5484045743942261, 0.37324461340904236, 1.4134021997451782, 1.666063666343689, -0.08803429454565048, 0.46739640831947327, 0.39417895674705505, -0.70735102891922, -0.030653556808829308, 0.1697191596031189, -0.6918657422065735, 0.05006817728281021, -0.0928950086236, -1.519503116607666, 0.25159794092178345, 3.1217665672302246, 0.10853898525238037, 0.1365981251001358, -0.006050064228475094, -0.02578883431851864, 0.09461216628551483, -0.2631770074367523, -0.1859666407108307, -0.0816003680229187, 0.0022420233581215143, 0.142035573720932, 0.04075217619538307, 0.02404635399580002, 0.19051149487495422, -0.010856063105165958, 0.03835774213075638, -0.07140138000249863, -0.05612977594137192, -0.1309414654970169, 0.07297347486019135, 0.03176610916852951, 0.0869845300912857, 0.02700076997280121, 0.02300211973488331, -0.39450737833976746, 0.5191240906715393, -0.5317292213439941, 0.3987150192260742, -0.555263102054596, -0.4999731481075287, 0.08243140578269958, 0.1728205382823944, 0.019181888550519943, 0.27983376383781433, -3.4225387573242188, 4.203398704528809, 0.0, -0.38999998569488525, 0.47999998927116394, -0.6623125672340393, 0.30807608366012573, -0.5883525013923645, 0.3468034863471985, -0.45202240347862244, 0.23739202320575714, -0.5869885683059692, 0.6283034682273865, -0.002798164961859584, -0.4213637113571167, 0.5237135887145996, -0.06146683171391487, 0.384218692779541, 0.9134135842323303, -0.11947142332792282, 0.5419337749481201, 0.010552959516644478, -0.24628742039203644, -11.90392780303955, -3.3797225952148438, 3.3615188598632812, 0.015495304018259048, -0.4337761104106903, 0.5152353048324585, 0.002549500437453389, 0.18890683352947235, 0.9812511801719666, -0.03812706097960472, 0.6284131407737732, 0.1169525608420372, -0.18569929897785187, -10.476144790649414, -1.6305792331695557, 5.843207359313965, 0.04229658842086792, -0.410366952419281, 0.530541181564331, -0.0424136184155941, 0.08909830451011658, 0.9754098653793335, -0.19707369804382324, 0.2697734236717224, 0.6679434180259705, 0.14436925947666168, -16.76871109008789, -6.316832542419434, -0.055857397615909576, 0.053946398198604584, -0.37349510192871094, 0.5381396412849426, -0.006716916803270578, 0.5956878066062927, 0.803119421005249, -0.010485843755304813, 0.42814311385154724, 0.25956863164901733, 0.12037453055381775, 1.0859466791152954, 0.7208678126335144, 1.262648582458496, -0.0452791228890419, -0.3882102966308594, 0.5083832144737244, 0.23183274269104004, -0.5767638087272644, 0.6464894413948059, 0.4423215687274933, 0.3718092739582062, -0.1680200845003128, -0.20608189702033997, 8.103558540344238, -0.6179976463317871, 5.271004676818848, 0.21665897965431213, 0.7522010207176208, 0.6892532706260681, -0.014505818486213684, -0.015455014072358608, -0.011604026891291142, 0.510012149810791, 2.1940956115722656, -1.1573469638824463, -0.048688940703868866, -0.005629522725939751, -0.01266468409448862, -0.0741543248295784, -0.47020524740219116, 0.8640045523643494, 0.01699327491223812, -0.0018894345266744494, -0.0005498159443959594, 0.09777934104204178, 1.3841192722320557, -0.0450575016438961, -0.03536798804998398, 0.0024469431955367327, -0.00010873642168007791, 1.2761415243148804, -0.3734278380870819, 0.10708244144916534, 0.0014555063098669052, 0.006582503207027912, 0.007561196107417345, -1.0, 0.10152394324541092, -1.0, -0.9919759035110474, 0.9638956189155579, -1.0, -0.6152130961418152, 0.9301137328147888, 1.0, 0.6465703845024109, 0.49040496349334717, -1.0, 1.0, 1.0, -0.5785636305809021, 0.8307312726974487, -0.9482517838478088, 1.0, 0.5076847076416016, -0.2396131455898285]
[-0.155811607837677, -0.18322908878326416, -0.32857680320739746, -0.02503061294555664, 0.15589205920696259, 0.16688738763332367, 0.1386471837759018, -0.21965597569942474, 0.12738776206970215, 0.03387630730867386, -0.5975035429000854, 0.46588271856307983, -0.2983744740486145, -0.3936600089073181, -0.9291970729827881, 0.5068405270576477, 0.8286738395690918, -0.08992387354373932, 0.01750464364886284, 0.8233824968338013, -0.4631286859512329, 0.831652045249939, 0.4929346740245819, 0.4909520149230957, -0.6262699961662292, -0.3273155093193054, -0.26916950941085815, -1.2409220933914185, -0.7826663255691528, 0.4965526759624481, -0.5172059535980225, -0.7719070315361023, 1.152601718902588, 1.469939947128296, 0.17423193156719208, 0.7833179831504822, 0.003713554237037897, 0.8521422743797302, -0.00949985533952713, 0.3886028528213501, 0.34957000613212585, -1.3415664434432983, -0.3645486533641815, 0.26187819242477417, -0.1892305463552475, -0.23967662453651428, -1.0167391300201416, -2.123826026916504, 1.682766079902649, -4.92445707321167, -0.0007196429651230574, -0.21523359417915344, -0.26857349276542664, -0.17037318646907806, 0.08618304133415222, -0.09182847291231155, 0.010108491405844688, -0.0007489544805139303, -0.04003804549574852, -0.23072344064712524, -0.1793157160282135, -0.11317817866802216, -0.28800728917121887, -0.0055008539929986, -0.1529194563627243, -0.063445545732975, -0.029421446844935417, 0.11141468584537506, 0.02080155909061432, -0.01770557090640068, -0.2128276228904724, -0.08138430118560791, 0.025674764066934586, -0.39243632555007935, 0.5174788236618042, -0.5113442540168762, 0.433412104845047, -0.6738235354423523, -0.31087425351142883, 0.3790610432624817, 0.2107807993888855, -0.1541021764278412, 3.410942792892456, -7.791508674621582, 1.8543379306793213, 0.0, -0.38999998569488525, 0.47999998927116394, -0.6623125672340393, 0.30807608366012573, -0.5883525013923645, 0.3468034863471985, -0.33582165837287903, 0.10065058618783951, -0.5461093783378601, 0.7608271241188049, 0.00832532998174429, -0.42609521746635437, 0.5184032917022705, -0.07660222798585892, 0.38555118441581726, 0.9073688983917236, -0.14887598156929016, 0.6819146275520325, -0.49857857823371887, -0.3600027561187744, 8.980961799621582, 2.230138063430786, 4.6048173904418945, 0.027173032984137535, -0.4336022734642029, 0.5105561017990112, -0.017986943945288658, 0.2597999572753906, 0.9616318345069885, -0.08628188818693161, 0.6020565629005432, 0.1385519653558731, -0.4442853331565857, -7.399738311767578, -1.8028006553649902, 5.756560802459717, 0.04815482348203659, -0.4041822552680969, 0.5311716794967651, -0.06304092705249786, 0.1892106831073761, 0.9585289359092712, -0.2035864144563675, 0.31563296914100647, 0.37071746587753296, -0.1472061276435852, -5.883271217346191, -2.9124677181243896, 1.9472441673278809, 0.060856498777866364, -0.37103235721588135, 0.5381618142127991, -0.007447638548910618, 0.556928813457489, 0.8302261233329773, -0.022346913814544678, 0.3851730227470398, 0.028932489454746246, 0.040095992386341095, 8.352375984191895, 1.0451393127441406, 1.1593211889266968, -0.03874121233820915, -0.39142733812332153, 0.5042465925216675, 0.31966695189476013, -0.6305290460586548, 0.6056115031242371, 0.36535021662712097, 0.6030665636062622, -0.24309003353118896, -0.615881085395813, 16.660106658935547, 0.09127485007047653, 9.892367362976074, 0.2573452591896057, 2.211493968963623, -2.6299819946289062, -0.13720077276229858, 0.005796155426651239, 0.0014757184544578195, 0.4436645209789276, -0.5702697038650513, -0.8284788131713867, -0.009302998892962933, -0.005287903361022472, -0.0059785922057926655, 0.3454485535621643, 2.062823534011841, -1.9767353534698486, -0.08223584294319153, 0.008562210947275162, 0.009080975316464901, 0.20000554621219635, -0.10342668741941452, -1.241604208946228, -0.03097284585237503, 6.850842328276485e-05, 0.0006202624645084143, -2.976806402206421, 0.3252129554748535, 0.40038302540779114, -0.0017822198569774628, -0.03375540301203728, -0.005109291058033705, -1.0, -0.7661290168762207, -1.0, -1.0, -0.9704274535179138, -1.0, -0.3646846413612366, 0.84275883436203, -0.04507448896765709, 1.0, -0.550391435623169, -1.0, 1.0, 1.0, -1.0, 1.0, -0.5139634609222412, 0.09712342917919159, -0.7101190090179443, -0.8985344171524048]
[-0.31594589352607727, -0.23686157166957855, -0.3463285565376282, -0.09665414690971375, 0.0660252571105957, 0.16690856218338013, 0.062089934945106506, -0.2532550096511841, 0.14457954466342926, 0.1364576816558838, -0.539044201374054, 0.5194883942604065, -0.27517861127853394, -0.35425132513046265, -0.9338277578353882, 0.5909587144851685, 0.8603270649909973, -0.21767586469650269, -0.02483263798058033, 0.7996763586997986, -0.5151107907295227, 0.7832773327827454, 0.304747998714447, 0.2888631522655487, -0.5724599957466125, -0.4159115254878998, -0.012429035268723965, -0.3465774655342102, -0.8466809391975403, -0.2100418657064438, -0.26457133889198303, -0.06333506107330322, -0.35609516501426697, 0.3572671413421631, 0.34071916341781616, 0.3853112757205963, 0.33745959401130676, 0.17182657122612, -0.033699627965688705, 0.3221455514431, 0.2624951899051666, -1.0929052829742432, -0.3926343619823456, -0.5787365436553955, -0.48744192719459534, -0.059993159025907516, -1.2291241884231567, -1.7300528287887573, 1.934037446975708, -0.7906688451766968, 0.0590481236577034, 0.18292245268821716, 0.07910431921482086, 0.011820401065051556, 0.05753500759601593, 0.10466346144676208, -0.05371434614062309, -0.07931853830814362, 0.054828450083732605, -0.0639709010720253, 0.00613206485286355, -0.00668931333348155, -0.02469300851225853, -0.004988072905689478, -0.0624706968665123, 0.005832829046994448, 0.006818776018917561, -0.10370704531669617, -0.22789685428142548, -0.0987476259469986, 0.03808917850255966, 0.030145518481731415, 0.029963437467813492, -0.3915768265724182, 0.5151563882827759, -0.5267621278762817, 0.46532270312309265, -0.6884547472000122, -0.17895936965942383, 0.15428976714611053, -0.033793866634368896, -0.06902959197759628, 1.4060842990875244, 0.4404095709323883, 2.83428692817688, 0.0, -0.38999998569488525, 0.47999998927116394, -0.6623125672340393, 0.30807608366012573, -0.5883525013923645, 0.3468034863471985, -0.23953261971473694, 0.07045818865299225, -0.4899560213088989, 0.83522629737854, 0.01899365521967411, -0.43014299869537354, 0.5112702250480652, -0.07558902353048325, 0.31020864844322205, 0.9304878115653992, -0.17958113551139832, 0.6004112958908081, -0.2597869038581848, -0.3218967020511627, 8.482653617858887, 3.2490100860595703, 3.1303067207336426, 0.03741180896759033, -0.43301984667778015, 0.5046993494033813, -0.0324895977973938, 0.2756592333316803, 0.9529469609260559, -0.12185438722372055, 0.5466017127037048, -8.991989307105541e-05, -0.3156675100326538, 2.4313292503356934, 0.14830580353736877, 4.133234024047852, 0.05423367768526077, -0.40022122859954834, 0.5285277366638184, -0.07292434573173523, 0.216257706284523, 0.9495113492012024, -0.21527372300624847, 0.3216540217399597, 0.23699431121349335, -0.21082809567451477, -2.1027636528015137, -1.0425349473953247, 1.0002602338790894, 0.06738249957561493, -0.3699997067451477, 0.5361042022705078, -0.00545041449368, 0.4974919259548187, 0.8667005300521851, -0.036084942519664764, 0.3743606209754944, -0.007642365992069244, -0.04967961460351944, 8.093132972717285, 1.500142216682434, 1.1648448705673218, -0.03276708722114563, -0.39415204524993896, 0.49796226620674133, 0.3985190689563751, -0.683742344379425, 0.5515075922012329, 0.26366332173347473, 0.4388643801212311, -0.046655766665935516, -0.6125302910804749, 14.396360397338867, -3.3480167388916016, 8.076024055480957, 0.39049428701400757, -0.4053298830986023, 0.9536633491516113, 0.005740453954786062, -0.0027353547047823668, -0.0028422658797353506, 0.40235692262649536, 1.1799111366271973, -0.010767411440610886, -0.061619874089956284, -0.0020553364884108305, -0.0026096312794834375, 0.3833213448524475, 0.004519161768257618, -0.2814100384712219, -0.006621526088565588, -0.005492371506989002, -0.00850851833820343, 0.19267883896827698, -0.22459742426872253, -0.3160271644592285, 0.0034498153254389763, -0.0004364544292911887, 0.0005732732242904603, 0.8972033858299255, 1.2223137617111206, -0.31168612837791443, -0.0017926784930750728, 0.015790268778800964, 0.013185927644371986, -1.0, -0.5964491367340088, -1.0, -0.8199615478515625, -0.4310475289821625, -1.0, 0.5956224799156189, -0.15467727184295654, 0.9996945261955261, 0.7777442336082458, -0.0017444007098674774, -1.0, 1.0, 1.0, -0.8180215954780579, 0.42944881319999695, -1.0, 0.7159786224365234, -0.8375598192214966, -0.6780540347099304]
[-0.45592933893203735, -0.2916693091392517, -0.38142910599708557, -0.16212745010852814, -0.05001577362418175, 0.13555128872394562, -0.05732826888561249, -0.2546268105506897, 0.07442142814397812, 0.13562709093093872, -0.3885752558708191, 0.5355686545372009, -0.2603759467601776, -0.3389352262020111, -0.9441266655921936, 0.6082724332809448, 0.8850569128990173, -0.3377089202404022, -0.06554219126701355, 0.729919970035553, -0.5830986499786377, 0.6261854767799377, 0.1671707034111023, 0.17577436566352844, -0.4889895021915436, -0.36557263135910034, -0.2350616455078125, -0.8239781260490417, -1.1905068159103394, -0.3587467670440674, -0.6781784296035767, 0.11531718820333481, -0.7657902240753174, -0.17874589562416077, 0.8234742283821106, 0.010872281156480312, 0.02279927395284176, 0.10744907706975937, -0.05648272857069969, -0.06130380555987358, 0.20963500440120697, -1.1155002117156982, -0.3812382221221924, -1.0134954452514648, -0.49879351258277893, -0.5596411228179932, -0.6381520628929138, -0.6842110753059387, 2.3257689476013184, 0.7740340232849121, 0.02401049993932247, -0.08609998226165771, -0.059910498559474945, -0.026910174638032913, -0.014305569231510162, 0.14472338557243347, 0.03486815094947815, -0.004145944956690073, 0.06877443194389343, -0.07421640306711197, -0.059851594269275665, -0.026378802955150604, 0.09876780211925507, -0.0316244512796402, -0.02049693465232849, -0.0037028666120022535, -0.0003440452564973384, -0.0848676934838295, -0.08700570464134216, -0.10520610958337784, 0.1343243569135666, 0.07578904926776886, 0.03203407675027847, -0.3943246304988861, 0.5133455395698547, -0.6081358790397644, 0.42525243759155273, -0.6671855449676514, -0.0647643581032753, 0.11059518903493881, -0.21524211764335632, -0.1317235231399536, 1.5550341606140137, 0.29882821440696716, 3.2184510231018066, 0.0, -0.38999998569488525, 0.47999998927116394, -0.6623125672340393, 0.30807608366012573, -0.5883525013923645, 0.3468034863471985, -0.2091435045003891, 0.08334425091743469, -0.3637844920158386, 0.9038659334182739, 0.02915794588625431, -0.4333156943321228, 0.5033493638038635, -0.06664973497390747, 0.21375107765197754, 0.9513720273971558, -0.21156428754329681, 0.6680607199668884, -0.3833889365196228, -0.4419385492801666, 12.560636520385742, 5.334871768951416, 3.9948997497558594, 0.04729711264371872, -0.43230605125427246, 0.49934402108192444, -0.041945505887269974, 0.23059512674808502, 0.9584740996360779, -0.16246189177036285, 0.5677752494812012, -0.008863652125000954, -0.23917725682258606, 5.942502021789551, 1.0479580163955688, 5.723797798156738, 0.05987749993801117, -0.39815932512283325, 0.5249781012535095, -0.06830964982509613, 0.21843492984771729, 0.9500285983085632, -0.21228662133216858, 0.3524576425552368, 0.06845284253358841, -0.20904576778411865, 0.7548770904541016, 1.3343238830566406, -1.540048599243164, 0.0732138529419899, -0.3693378269672394, 0.5335342288017273, -0.0063404967077076435, 0.43571263551712036, 0.8982591032981873, -0.056962668895721436, 0.3089846968650818, -0.044317178428173065, -0.0560196228325367, 8.227517127990723, 1.4499512910842896, 2.555123805999756, -0.029693052172660828, -0.395294725894928, 0.4921873211860657, 0.41808003187179565, -0.7251708507537842, 0.5148727893829346, 0.18504682183265686, 0.1686260998249054, 0.027277056127786636, -0.412395179271698, 7.673304557800293, -5.311989784240723, 1.153618335723877, 0.252695769071579, 0.4820781946182251, -0.6544286608695984, -0.019679002463817596, 0.0024213141296058893, 0.0016448220703750849, 0.11533261835575104, 0.11568286269903183, 0.7259166836738586, -0.0024107021745294333, 0.00625998992472887, 0.005352762993425131, 0.3544260263442993, 0.723983645439148, -0.2830343246459961, -0.01551904622465372, -0.008799616247415543, -0.010513540357351303, 0.4078181982040405, 0.13062520325183868, -0.06882935017347336, 0.0016153330216184258, 0.00485643045976758, 0.0012658084742724895, 2.2257044315338135, 0.9498632550239563, -0.7967332005500793, -0.0054366979748010635, 0.040177784860134125, 0.01079515926539898, -1.0, -0.5516443252563477, -1.0, -1.0, -0.8197457790374756, -1.0, 0.06704669445753098, -0.426108181476593, 1.0, 0.4475241005420685, -0.3161647319793701, -1.0, 0.36920347809791565, 1.0, -1.0, 0.20011958479881287, -1.0, -1.0, -0.2142610251903534, -0.04616933315992355]
[-0.5732285380363464, -0.3385518193244934, -0.447732537984848, -0.26642024517059326, -0.050001125782728195, 0.11417723447084427, -0.22323958575725555, -0.26304110884666443, 0.0036318236961960793, 0.11301503330469131, -0.18198172748088837, 0.5036672949790955, -0.19753745198249817, -0.31109723448753357, -0.9560530185699463, 0.582063615322113, 0.9050107598304749, -0.4490603506565094, -0.12902550399303436, 0.6912412643432617, -0.6486733555793762, 0.3875504434108734, 0.030908336862921715, 0.16725435853004456, -0.4034612774848938, -0.31347283720970154, -0.30236145853996277, -1.0464260578155518, 0.6523885130882263, 0.009567106142640114, -0.6743555665016174, -0.16640639305114746, -0.5952512621879578, -0.21383130550384521, 0.8609955906867981, -0.4613617956638336, 0.8715090751647949, 0.5521657466888428, -0.0541628897190094, -0.13156215846538544, 0.17255698144435883, -0.983277440071106, -0.8840593695640564, -0.18800047039985657, -0.4582395553588867, -0.6003968119621277, -0.9483686685562134, 0.23313455283641815, 2.2043747901916504, 0.5749401450157166, 0.05146734043955803, -0.0020289262756705284, 0.13660679757595062, 0.07395198196172714, 0.07901397347450256, -0.017018040642142296, 0.005347276106476784, 0.002409683307632804, 0.014596695080399513, -0.08988508582115173, 0.014005647972226143, 0.03420323505997658, 0.10318328440189362, -0.004633506294339895, -0.015839476138353348, 0.008371164090931416, -0.019715558737516403, 0.07971225678920746, -0.05139089375734329, -0.023994598537683487, -0.03775688633322716, 0.009352022781968117, 0.033889248967170715, -0.3993600606918335, 0.5094811320304871, -0.6407685875892639, 0.42928647994995117, -0.6289411187171936, 0.09778407216072083, 0.11809616535902023, -0.33472487330436707, -0.26167482137680054, 3.594719409942627, -0.8797639012336731, 2.621657133102417, 0.0, -0.38999998569488525, 0.47999998927116394, -0.6623125672340393, 0.30807608366012573, -0.5883525013923645, 0.3468034863471985, -0.09864706546068192, 0.0791953057050705, -0.2475038319826126, 0.9605928659439087, 0.0381963737308979, -0.4344452917575836, 0.49489328265190125, -0.06267742812633514, 0.15083035826683044, 0.956357479095459, -0.24228496849536896, 0.48945969343185425, -0.038619909435510635, -0.47315481305122375, 3.2512803077697754, 1.1583771705627441, 3.570819139480591, 0.05665402486920357, -0.4310241937637329, 0.49425098299980164, -0.05000065267086029, 0.1754157990217209, 0.961132287979126, -0.20725303888320923, 0.524784505367279, -0.016102677211165428, -0.2802451252937317, 6.257923126220703, 1.6346346139907837, 5.34633731842041, 0.06482935696840286, -0.3972994089126587, 0.5209454894065857, -0.05777711421251297, 0.2292201668024063, 0.9512414336204529, -0.19814009964466095, 0.282005250453949, 0.09251944720745087, -0.27349597215652466, -3.3672986030578613, -0.21372219920158386, -2.202543258666992, 0.07817886024713516, -0.368807315826416, 0.5310617685317993, -0.0074442666955292225, 0.36671942472457886, 0.9267792105674744, -0.0808798298239708, 0.2712947428226471, -0.07840220630168915, -0.04207461699843407, 9.964940071105957, 1.9068307876586914, 2.3295438289642334, -0.02714235708117485, -0.39573341608047485, 0.4858592450618744, 0.41742801666259766, -0.758811891078949, 0.4798370599746704, 0.14040949940681458, 0.18058140575885773, 0.04507603496313095, -0.4938501715660095, 7.028903007507324, -1.5598195791244507, -0.14362430572509766, 0.3354971408843994, -1.4442800283432007, 0.7680395245552063, 0.05228777974843979, 8.643198816571385e-05, -0.0007452483987435699, 0.48215851187705994, -0.03356234356760979, 0.006017030216753483, 0.0019062483916059136, -0.002315905876457691, -0.003657175227999687, 0.3455228805541992, -0.38092121481895447, -0.10935332626104355, 0.02848941832780838, -0.0005647036014124751, -0.0014515906805172563, 0.31067296862602234, 0.3148828148841858, 0.014338335022330284, -0.01499231718480587, -0.0006196722388267517, -0.0014213727554306388, 0.010918183252215385, 0.3169015049934387, 0.198385089635849, -0.008225048892199993, 0.009177337400615215, -0.012836948968470097, -1.0, -0.567001461982727, -1.0, -1.0, 0.7267714142799377, -1.0, -0.3372296988964081, -0.317717581987381, 1.0, 0.14130593836307526, 0.45997416973114014, -1.0, 0.3775436580181122, 1.0, -1.0, 0.7223814129829407, -1.0, -1.0, -0.904821515083313, 0.46282386779785156]
[-0.6699169278144836, -0.3730844557285309, -0.5220122933387756, -0.338600754737854, -0.013749133795499802, 0.12383895367383957, -0.36816999316215515, -0.23386093974113464, -0.05129118263721466, 0.09211592376232147, 0.01085193082690239, 0.48493966460227966, -0.10656673461198807, -0.22064007818698883, -0.9675942659378052, 0.5770017504692078, 0.9211090803146362, -0.5449227094650269, -0.2408294826745987, 0.7099642753601074, -0.7070598602294922, 0.160451740026474, -0.12549513578414917, 0.2103196382522583, -0.3215213716030121, -0.21996398270130157, -0.30475062131881714, -0.44921693205833435, 0.1714770644903183, 0.08730829507112503, -0.5060891509056091, 0.40263843536376953, -0.4966486990451813, -0.17946870625019073, 0.7415043711662292, -0.00404889602214098, 0.8276769518852234, 1.0149990320205688, -0.04933447018265724, 0.03787396475672722, 0.1383199393749237, -0.8316953778266907, -1.0997388362884521, 0.45167022943496704, -0.3949408233165741, -0.5335857272148132, -0.9717090725898743, 0.4814360737800598, 2.57462739944458, 0.6452658176422119, 0.07271964102983475, 0.19720359146595, 0.04198821261525154, 0.00605570524930954, 0.11978582292795181, 0.1121026873588562, 0.044351931661367416, 0.013708156533539295, 0.006536033935844898, 0.15561780333518982, 0.050754398107528687, 0.02641567774116993, 0.13063786923885345, 0.01603735238313675, -0.013895947486162186, 0.010373540222644806, 0.0028420547023415565, 0.04957099258899689, -0.021318262442946434, 0.006598557811230421, 0.02309538796544075, 0.011675292626023293, 0.036021675914525986, -0.406596839427948, 0.505303144454956, -0.618993878364563, 0.4843110740184784, -0.5454521775245667, 0.291155070066452, 0.1926613301038742, -0.3461157977581024, 0.06736835092306137, -4.252381801605225, 1.566921353340149, 4.254335403442383, 0.0, -0.38999998569488525, 0.47999998927116394, -0.6623125672340393, 0.30807608366012573, -0.5883525013923645, 0.3468034863471985, 0.09507129341363907, 0.08118963986635208, -0.14793100953102112, 0.9810638427734375, 0.045358240604400635, -0.43357470631599426, 0.48907986283302307, -0.06674622744321823, 0.12870559096336365, 0.9523051977157593, -0.2685040533542633, 0.3725716471672058, 0.03984593600034714, -0.27006688714027405, 2.0065762996673584, 0.47030988335609436, 3.1067612171173096, 0.06393499672412872, -0.42842596769332886, 0.4919869899749756, -0.05841135233640671, 0.14464032649993896, 0.9569835662841797, -0.24464164674282074, 0.3535550534725189, 0.12109899520874023, -0.06981047987937927, 2.509533405303955, 0.3504042625427246, 4.0653076171875, 0.06829511374235153, -0.395274817943573, 0.5180943608283997, -0.05399256572127342, 0.28260135650634766, 0.9403036236763, -0.18179742991924286, 0.1500549018383026, 0.26949775218963623, -0.1954616755247116, -7.957927227020264, -1.9211273193359375, -1.9049869775772095, 0.08236110955476761, -0.36816954612731934, 0.5290465354919434, -0.0017933029448613524, 0.28576892614364624, 0.9532058835029602, -0.09864754974842072, 0.24709448218345642, -0.08877553790807724, -0.031226638704538345, 9.845871925354004, 2.4207260608673096, 1.017714023590088, -0.024275880306959152, -0.3955587148666382, 0.47935032844543457, 0.42525312304496765, -0.78501296043396, 0.4342275559902191, 0.11983705312013626, 0.14358492195606232, 0.09656123071908951, -0.4631522297859192, 6.561689376831055, 1.4800163507461548, -0.2031727284193039, 0.49259108304977417, -0.15108370780944824, 0.9176270961761475, 0.003789449343457818, -0.0011450214078649879, -0.0027684506494551897, 0.7522004246711731, -0.24706348776817322, 0.6639060378074646, 0.010002204217016697, -0.00525167491286993, -0.008260902017354965, 0.4351511597633362, -0.5273312926292419, 0.7136266231536865, 0.018505707383155823, 0.001529559725895524, 0.0001932893937919289, 0.32508131861686707, 0.06160004064440727, 0.06539765000343323, 0.003766055451706052, -0.00419260561466217, -0.00461313733831048, 0.4217430353164673, 0.16308657824993134, -0.18114453554153442, -0.004044614732265472, 0.004927407950162888, -0.009897868148982525, -1.0, -0.3898555040359497, -1.0, -0.540962278842926, 0.01166868582367897, -1.0, 0.28539061546325684, -0.27249953150749207, 1.0, 0.5805320739746094, 0.37549924850463867, -1.0, 0.6998082399368286, 1.0, -1.0, 1.0, -1.0, -1.0, -1.0, 0.5420416593551636]
[-0.7483236789703369, -0.3445066511631012, -0.5753054022789001, -0.3853103518486023, 0.05414013937115669, 0.13863593339920044, -0.44595950841903687, -0.2535421550273895, -0.0905529260635376, 0.06617739796638489, 0.16325066983699799, 0.4780842661857605, -0.08892345428466797, -0.1373055875301361, -0.9792516827583313, 0.5139865279197693, 0.9314321279525757, -0.6258106827735901, -0.34843799471855164, 0.7505252361297607, -0.7609580755233765, -0.03443629667162895, -0.27438652515411377, 0.2997463345527649, -0.2696168124675751, 0.4889157712459564, -0.09672802686691284, -0.4149385094642639, 0.8706080317497253, 0.21867893636226654, -0.14235618710517883, -0.4312532842159271, -0.2977183759212494, -0.2711729109287262, 0.4910086691379547, -0.10793419182300568, -0.19001346826553345, 0.3851982057094574, -0.04292837530374527, -0.4148118495941162, 0.07745809108018875, -0.6999415755271912, -0.9169164896011353, 0.5194770693778992, -0.3776334524154663, -0.44767364859580994, -0.8807870149612427, 1.0049368143081665, 1.4907950162887573, 8.503396987915039, 0.09761764109134674, 0.4591256380081177, 0.1415291726589203, 0.03734965994954109, 0.12450377643108368, 0.32794320583343506, 0.06639564037322998, 0.0035492307506501675, -0.03360041230916977, 0.24230808019638062, -0.03984758257865906, -0.06300858408212662, 0.6670397520065308, -0.03760591894388199, 0.213546484708786, 0.07739675045013428, 0.029373222962021828, -0.14458344876766205, 0.2793651223182678, 0.15581496059894562, 0.1928752362728119, 0.06569914519786835, 0.038939494639635086, -0.4121743440628052, 0.5066187381744385, -0.663061261177063, 0.40802496671676636, -0.518960177898407, 0.3529103398323059, 0.1752692610025406, -0.3005848228931427, 0.18136760592460632, 0.38220277428627014, -0.6518004536628723, 2.2374160289764404, 0.0, -0.38999998569488525, 0.47999998927116394, -0.6623125672340393, 0.30807608366012573, -0.5883525013923645, 0.3468034863471985, 0.08396827429533005, 0.07918117195367813, -0.038308266550302505, 0.9925785660743713, 0.05048302933573723, -0.43185290694236755, 0.49024146795272827, -0.07739558070898056, 0.14857497811317444, 0.9431069493293762, -0.2872014343738556, 0.19389775395393372, 0.17338846623897552, 0.27610328793525696, -4.97580099105835, -2.975303888320923, 1.5986703634262085, 0.06981158256530762, -0.42711836099624634, 0.4933044910430908, -0.05843645706772804, 0.11906515061855316, 0.953650712966919, -0.27010923624038696, 0.3312225341796875, -0.0019509842386469245, 0.23555009067058563, 2.0716965198516846, 1.5035748481750488, 2.274873971939087, 0.07098662108182907, -0.39327454566955566, 0.519985556602478, -0.05051923543214798, 0.3273591995239258, 0.9281651377677917, -0.16968584060668945, 0.15910235047340393, 0.13646388053894043, 0.2482060045003891, -2.987863302230835, -0.35361069440841675, -0.9398871660232544, 0.08527074009180069, -0.3665269613265991, 0.5306252241134644, -0.0035510750021785498, 0.22480569779872894, 0.9669504761695862, -0.12023551762104034, 0.11876891553401947, 0.0639972910284996, 0.272528737783432, 5.5116987228393555, 0.45293107628822327, 2.995224952697754, -0.021865855902433395, -0.3951186537742615, 0.47630298137664795, 0.42500588297843933, -0.7984790205955505, 0.4079495668411255, 0.1240098848938942, 0.09392335265874863, 0.025234200060367584, -0.050688423216342926, 0.5650435090065002, 1.4126965999603271, -1.8521368503570557, 0.41604918241500854, 0.014915628358721733, 3.083380699157715, 0.037573397159576416, -0.00892841350287199, -0.007048891857266426, 0.5518211722373962, 0.6408488750457764, 2.299492835998535, 0.013161962851881981, -0.009998083114624023, -0.01025411393493414, 0.31614407896995544, 2.0040411949157715, 1.646014928817749, -0.03294796869158745, 0.008377370424568653, 0.004368341062217951, 0.6310044527053833, -0.0627778023481369, 2.046206474304199, 0.02843155525624752, 0.007975950837135315, 0.0011979984119534492, 2.563483238220215, -2.091143846511841, -1.5824756622314453, 0.016970323398709297, 0.02468341588973999, 0.0014497810043394566, -1.0, 0.6196094751358032, -1.0, -0.6142592430114746, 0.7088251113891602, -1.0, -0.26793622970581055, 0.11224436014890671, 1.0, 0.09921383857727051, -0.38678085803985596, -0.8586686849594116, -0.23211637139320374, 1.0, -1.0, 0.9765851497650146, -1.0, -0.9200435876846313, -1.0, 1.0]
