1
[0.0, 0.0, 0.0, 0.0, 0.0, 0.0, 0.0, 0.0, 0.0, 0.0, 0.0, 0.0, 0.0, 0.0, 0.0, 0.0, 0.0, 0.0, 0.0, 0.0, 0.0, 0.0, 0.0, 0.0, 0.0, 0.0, 0.0, 0.0, 0.0, 0.0, 0.0, 0.0, 0.0, 0.0, 0.0, 0.0, 0.0, 0.0, 0.0, 0.0, 0.0, 0.0, 0.0, 0.0, 0.0, 0.0, 0.0, 0.0, 0.0, 0.0, 0.0, 0.0, 0.0, 0.0, 0.0, 0.0, 0.0, 0.0, 0.0, 0.0, 0.0, 0.0, 0.0, 0.0, 0.0, 0.0, 0.0, 0.0, 0.0, 0.0, 0.0, 0.0, 0.0, 0.0, 0.0, 0.0, 0.0, 0.0, 0.0, 0.0, 0.0, 0.0, 0.0, 0.0, 0.0, 0.0, 0.0, 0.0, 0.0, 0.0, 0.0, 0.0, 0.0, 0.0, 0.0, 0.0, 0.0, 0.0, 0.0, 0.0, 0.0, 0.0, 0.0, 0.0, 0.0, 0.0, 0.0, 0.0, 0.0, 0.0, 0.0, 0.0, 0.0, 0.0, 0.0, 0.0, 0.0, 0.0, 0.0, 0.0, 0.0, 0.0, 0.0, 0.0, 0.0, 0.0, 0.0, 0.0, 0.0, 0.0, 0.0, 0.0, 0.0, 0.0, 0.0, 0.0, 0.0, 0.0, 0.0, 0.0, 0.0, 0.0, 0.0, 0.0, 0.0, 0.0, 0.0, 0.0, 0.0, 0.0, 0.0, 0.0, 0.0, 0.0, 0.0, 0.0, 0.0, 0.0, 0.0, 0.0, 0.0, 0.0, 0.0, 0.0, 0.0, 0.0, 0.0, 0.0, 0.0, 0.0, 0.0, 0.0, 0.0, 0.0, 0.0, 0.0, 0.0, 0.0, 0.0, 0.0, 0.0, 0.0, 0.0, 0.0, 0.0, 0.0, 0.0, 0.0, 0.0, 0.0, 0.0, 0.0, 0.0, 0.0, 0.0, 0.0, 0.0, 0.0, 0.0, 0.0, 0.0, 0.0, 0.0, 0.0, 0.0, 0.0, 0.0, 0.0, 0.0, 0.0, 0.0]
[0.4445761740207672, 0.20247837901115417, -0.20660673081874847, -0.6429296731948853, -0.7989245057106018, -0.8689646124839783, -0.026267031207680702, -0.6914727687835693, -0.7885579466819763, -0.8962289094924927, -0.07696795463562012, -0.6890268921852112, -0.7652740478515625, -0.7877646088600159, -0.8424756526947021, 0.076115682721138, -0.9726520776748657, -0.7212854623794556, -0.7188889384269714, 0.004481164738535881, -0.7562215924263, 0.2542188763618469, 0.012431606650352478, 0.6553240418434143, 0.12507842481136322, 0.07346948236227036, -0.3761420249938965, 1.8911484479904175, 2.0386998653411865, 0.4149542450904846, 0.5380828976631165, -0.3170783221721649, -0.26932647824287415, -0.059611476957798004, 0.5669385194778442, -0.38335534930229187, -0.2974548041820526, -0.06539972126483917, 0.9619037508964539, 0.4762234389781952, -0.09171679615974426, -0.3833222985267639, -0.09364032000303268, 1.5575073957443237, -0.24270986020565033, 0.2595219612121582, -0.1810547113418579, 0.175576314330101, 3.389960765838623, 1.1700184345245361, 0.022591108456254005, 0.6400082111358643, 0.4761544466018677, 0.20640507340431213, 0.2776157259941101, -0.015607794746756554, -0.030614349991083145, -0.016188060864806175, 0.27874821424484253, -0.03919539600610733, -0.04253704845905304, -0.020854463800787926, 0.5685853958129883, 0.293693482875824, 0.33791637420654297, 0.09424277395009995, 0.02362324297428131, 0.12483690679073334, -0.04158242791891098, 0.00414139311760664, -0.009864183142781258, -0.0017002925742417574, -0.006409987807273865, -0.4005701243877411, 0.5287684202194214, 0.21626782417297363, 0.596524178981781, -0.7261755466461182, 0.2646811902523041, -0.0074668158777058125, -0.023531509563326836, -0.1112837865948677, 0.23768781125545502, 0.12738439440727234, 0.012234535999596119, 0.0, -0.38999998569488525, 0.47999998927116394, -0.6623125672340393, 0.30807608366012573, -0.5883525013923645, 0.3468034863471985, 0.3775532841682434, -0.4828621745109558, -0.5578267574310303, 0.5595775842666626, -0.021499065682291985, -0.4511875808238983, 0.5155834555625916, 0.02640041522681713, -0.4847593903541565, 0.8730179071426392, -0.04637863487005234, -0.023935526609420776, 0.46998733282089233, 1.2263076305389404, -21.980182647705078, -2.191300868988037, 1.2748628854751587, -0.0034731924533843994, -0.45552101731300354, 0.513319730758667, 0.011193927377462387, -0.5076435804367065, 0.8612882494926453, -0.018848195672035217, -0.34313368797302246, -0.07260118424892426, -0.11210369318723679, 2.859588623046875, 0.12831826508045197, -3.316441774368286, 0.019537977874279022, -0.45046478509902954, 0.5137986540794373, 0.014390930533409119, -0.46145620942115784, 0.8866293430328369, -0.027191776782274246, -0.3447505533695221, -0.11027749627828598, -0.14150632917881012, 3.3554983139038086, 0.22200410068035126, -3.4618184566497803, 0.0382818765938282, -0.4455024302005768, 0.5041261315345764, -0.01997971720993519, -0.5054301023483276, 0.8624609708786011, -0.017386602237820625, -0.390509694814682, -0.008266032673418522, 0.34501051902770996, -0.03272674232721329, -4.097567558288574, -2.8389675617218018, -0.07891764491796494, -0.3701165020465851, 0.5122755169868469, -0.13485364615917206, -0.6155301332473755, 0.7492089867591858, 0.20401699841022491, 0.02548675797879696, -0.04441569373011589, -0.033791542053222656, 4.871002674102783, 5.7567644119262695, -0.6792681217193604, 0.15729671716690063, -6.226933479309082, 0.5021713376045227, 0.11300107836723328, -0.0032663512974977493, 0.0011529080802574754, 1.5445103645324707, 0.33833760023117065, -0.0005336867761798203, -0.011112996377050877, 0.011837784200906754, -0.0068009644746780396, 1.5566234588623047, 0.5140889286994934, 0.009232440032064915, -0.013143131509423256, 0.011430749669671059, -0.008389508351683617, 1.6819061040878296, -1.4166064262390137, 0.8073374032974243, 0.0023741507902741432, 0.018238473683595657, 0.007657313719391823, 0.04446540027856827, 0.09281378984451294, 0.08694282919168472, -0.005315011832863092, -0.0024117380380630493, -0.025942308828234673, 1.0, 0.39792442321777344, -0.8581022024154663, 1.0, 1.0, 1.0, -0.9471786618232727, -1.0, 1.0, -1.0, -1.0, 0.8119747638702393, 1.0, -1.0, -1.0, 0.9209355711936951, -1.0, 1.0, -0.2005845606327057, 0.7893568873405457]
[0.44018182158470154, 0.15313783288002014, -0.1468026041984558, -0.4703563451766968, -0.6513484716415405, -0.8140627145767212, -0.03257350996136665, -0.727717936038971, -0.7335317134857178, -0.8907646536827087, -0.018060805276036263, -0.62201327085495, -0.8007346391677856, -0.7980953454971313, -0.61190265417099, 0.12004896253347397, -0.9173473715782166, -0.6934948563575745, -0.7207160592079163, 0.0464976541697979, -0.7623093724250793, 0.3693991005420685, 0.005115761887282133, 0.6929824948310852, -0.12447524070739746, -0.6127187609672546, 0.5605714321136475, 1.4294421672821045, 1.0100632905960083, 0.5827793478965759, -0.34110042452812195, -0.3583034574985504, 0.9120197296142578, 0.2100648730993271, 0.05950338765978813, 1.1495016813278198, -0.33516114950180054, -0.11058098077774048, 1.1221914291381836, 0.015195130370557308, 0.8367339968681335, 0.5995489954948425, 0.09650039672851562, -0.032303936779499054, 0.05253991484642029, 0.2922644019126892, 0.030356643721461296, 0.4383145272731781, -6.63313102722168, -8.119000434875488, 0.028720924630761147, -0.6897819638252258, -0.33779534697532654, -0.11864405125379562, -0.5054535865783691, -0.5411821007728577, -0.11002227663993835, -0.014539091847836971, -0.3911024034023285, -0.10472912341356277, -0.0022822932805866003, 0.006693892180919647, -0.7156655192375183, -0.37738037109375, -0.23092877864837646, 0.007537363562732935, 0.0240663792937994, -0.05622953176498413, -0.22382870316505432, -0.10615776479244232, -0.06473922729492188, -0.009276673197746277, -0.0059229349717497826, -0.40106603503227234, 0.5258821249008179, 0.20370179414749146, 0.611394464969635, -0.7237708568572998, 0.24669405817985535, 0.014254284091293812, -0.051506172865629196, -0.21753892302513123, 0.36837971210479736, 0.1694248914718628, -0.013023905456066132, 0.0, -0.38999998569488525, 0.47999998927116394, -0.6623125672340393, 0.30807608366012573, -0.5883525013923645, 0.3468034863471985, 0.37077200412750244, -0.4631778299808502, -0.5735530853271484, 0.5648283958435059, -0.02304132468998432, -0.44676944613456726, 0.5219780206680298, 0.015626491978764534, -0.36521294713020325, 0.9299008250236511, -0.04073929041624069, -0.1197364404797554, 0.34515419602394104, 0.16043174266815186, -11.98707389831543, -1.2848777770996094, -2.191502332687378, -0.0030226490925997496, -0.45625853538513184, 0.5075579881668091, 0.012079461477696896, -0.512028157711029, 0.8586412668228149, -0.020405318588018417, 0.270550936460495, -0.041897814720869064, -0.5135704278945923, -0.7549123764038086, -0.024054624140262604, 2.327894449234009, 0.01842956617474556, -0.45027875900268555, 0.5119279623031616, 0.00986024271696806, -0.4671590328216553, 0.8839194774627686, -0.01874598115682602, 0.10347594320774078, 0.05843415483832359, -0.1462649554014206, -0.45435306429862976, -0.029715662822127342, 0.3247770667076111, 0.035913530737161636, -0.4443897306919098, 0.509726881980896, -0.05698088929057121, -0.46842700242996216, 0.8811860084533691, -0.02899353578686714, -0.06443535536527634, 0.17195071280002594, 0.37707751989364624, -7.564687728881836, -4.581126689910889, -0.3130291998386383, -0.07816224545240402, -0.3712269365787506, 0.5104823112487793, -0.12153953313827515, -0.6242449283599854, 0.7370361089706421, 0.2287447154521942, 0.06176416948437691, -0.09460154920816422, -0.1873883754014969, 1.255183219909668, 0.8849498629570007, -1.537758708000183, 0.06408222764730453, 4.664763927459717, -1.447908639907837, -0.04867259040474892, 0.00924071203917265, -0.006220612674951553, -2.7799508571624756, 1.9394142627716064, -0.9023905992507935, 0.014552123844623566, -0.02127525955438614, 0.011319517157971859, -2.1723194122314453, 0.32363706827163696, -0.7168943285942078, 0.011548446491360664, -0.014130772091448307, 0.00975327380001545, -1.7971205711364746, 0.22949117422103882, -0.7656546831130981, 0.027508746832609177, -0.0120840547606349, 0.007659826427698135, -0.9446176886558533, 1.4262855052947998, 0.06205169856548309, -0.0007384596974588931, 0.005837210454046726, 0.021198805421590805, -0.3620993196964264, -0.7896846532821655, 1.0, 0.18349464237689972, -0.2844865322113037, -1.0, -1.0, -0.004699420183897018, -0.26031026244163513, 0.32550379633903503, -1.0, 0.7012885808944702, -0.13922208547592163, -0.2609710395336151, -0.16394492983818054, -0.18071070313453674, -0.6956717371940613, 1.0, 0.07886620610952377, 1.0]
[0.37124931812286377, 0.054756179451942444, 0.016106147319078445, -0.41292238235473633, -0.6240372657775879, -0.7532951235771179, -0.14256435632705688, -0.7650273442268372, -0.6886568069458008, -0.846417248249054, -0.06920009106397629, -0.449118435382843, -0.8353466987609863, -0.8102942109107971, -0.39065787196159363, 0.09394306689500809, -0.7836430072784424, -0.5737820863723755, -0.6949992775917053, 0.0356370285153389, -0.7756776213645935, 0.48119035363197327, 2.0759251128765754e-05, 0.7406778931617737, -0.3582981824874878, -0.7470348477363586, 0.7217914462089539, 0.022050386294722557, -0.16414164006710052, 0.352856308221817, -0.5186023712158203, -0.3479396104812622, 0.1485874503850937, 0.45035701990127563, -0.3641281723976135, 1.840701699256897, -0.30411240458488464, -0.1115417405962944, 0.9826160669326782, -0.1707431524991989, 1.458396553993225, 1.3781222105026245, 0.3685949146747589, -0.1852722316980362, -0.18364101648330688, 0.2598675489425659, -0.0662451982498169, 0.4399779736995697, -6.209585189819336, -1.1703665256500244, -0.16589844226837158, -0.5073709487915039, -0.29542264342308044, -0.13390672206878662, -0.2662143409252167, -0.08427116274833679, -0.08654984831809998, -0.03391809016466141, -0.33659350872039795, 0.07790219783782959, 0.04581138864159584, 0.018812552094459534, -0.2739686965942383, -0.3423144817352295, 0.0054385969415307045, 0.06171141564846039, 0.037268199026584625, 0.03436119854450226, -0.12863941490650177, -0.0792153850197792, -0.11183080077171326, -0.03476421907544136, -0.005526476539671421, -0.40253910422325134, 0.5208520293235779, 0.21781739592552185, 0.6240283250808716, -0.7073987126350403, 0.2504618465900421, 0.029010247439146042, -0.10380889475345612, -0.329598605632782, 0.5756549835205078, -0.5748701095581055, 0.026291176676750183, 0.0, -0.38999998569488525, 0.47999998927116394, -0.6623125672340393, 0.30807608366012573, -0.5883525013923645, 0.3468034863471985, 0.39063987135887146, -0.4574185907840729, -0.5783746242523193, 0.5510458946228027, -0.02232224866747856, -0.4473646283149719, 0.5160436630249023, 0.00903748907148838, -0.33927449584007263, 0.9403262138366699, -0.024448668584227562, 0.13058708608150482, -0.19432216882705688, -0.6153087615966797, 2.6570661067962646, 0.5085623264312744, -1.8078217506408691, 0.003931476268917322, -0.4569065272808075, 0.4966767430305481, 0.02635953575372696, -0.5190085768699646, 0.8530813455581665, -0.046771250665187836, 0.592878520488739, -0.03615782409906387, -0.7561532855033875, 2.492689847946167, -0.1410384625196457, 4.373672008514404, 0.02360864169895649, -0.4478549361228943, 0.5108144879341125, 0.017599036917090416, -0.4488450884819031, 0.8926724791526794, -0.036934029310941696, 0.4860767722129822, 0.23491932451725006, 0.005832253489643335, -3.372295618057251, -0.42256104946136475, 3.6015474796295166, 0.03696651756763458, -0.4407553970813751, 0.5160182118415833, -0.08731633424758911, -0.3738956153392792, 0.9221035242080688, -0.047990020364522934, 0.06107328087091446, 0.4476948380470276, 0.5471933484077454, -14.735700607299805, -4.204472541809082, -0.7532092332839966, -0.07557764649391174, -0.3738824725151062, 0.5060497522354126, -0.12096741795539856, -0.6354679465293884, 0.7253801226615906, 0.23531030118465424, 0.20883303880691528, -0.2033005654811859, -0.3557214140892029, 2.4673569202423096, -0.38863444328308105, -0.03772319108247757, -1.0566293001174927, 4.066551685333252, -0.952865719795227, -0.07290845364332199, -0.0027689612470567226, 0.0033455854281783104, -1.501973271369934, 1.0679911375045776, -0.13233257830142975, -0.01789821870625019, -0.007831831462681293, 0.004438446369022131, -1.8453853130340576, -0.5808041095733643, -0.05113786458969116, 0.010100491344928741, -0.011389060877263546, 0.008472236804664135, -1.3786565065383911, -0.7664161920547485, -0.25596606731414795, 0.02577195316553116, -0.008246012963354588, 0.0024458018597215414, -1.6462311744689941, 0.9836899042129517, 0.09987377375364304, -0.0070440927520394325, -0.00842452235519886, 0.003523756517097354, -0.7360985279083252, -0.6582281589508057, 1.0, -0.7478250861167908, -0.9726687073707581, -1.0, -1.0, -0.7491089105606079, -0.8303717970848083, 0.7914686799049377, -1.0, 0.7452711462974548, -0.2665102779865265, 0.21790361404418945, 0.3862365782260895, -0.06291382014751434, -1.0, 1.0, -0.10743734985589981, 1.0]
[0.24877040088176727, 0.016733339056372643, 0.14544625580310822, -0.4688838720321655, -0.588141679763794, -0.7326682806015015, -0.2662161588668823, -0.8086381554603577, -0.7100818753242493, -0.8249327540397644, -0.12862998247146606, -0.27617916464805603, -0.8663875460624695, -0.8220618963241577, -0.20125633478164673, 0.08214237540960312, -0.6339192390441895, -0.44723597168922424, -0.6208373308181763, 0.09314514696598053, -0.812393069267273, 0.5582317113876343, -0.04283418506383896, 0.7846264243125916, -0.5298294425010681, -0.009924327954649925, 0.4251987934112549, -0.7905187606811523, 0.5896169543266296, 0.26123249530792236, -0.5085029006004333, -0.405487596988678, -0.371992826461792, -0.007464297115802765, -0.18412424623966217, 1.4954729080200195, -0.2676968276500702, -0.10406025499105453, 0.8639881014823914, 0.019778557121753693, 1.3712326288223267, 1.0705077648162842, 1.0401904582977295, 1.1790488958358765, -0.2893982529640198, 0.15926219522953033, -0.37312790751457214, 0.38498443365097046, -4.592321872711182, 10.677384376525879, -0.23723886907100677, 0.39126330614089966, 0.15576143562793732, 0.059161290526390076, -0.1478893756866455, 0.663178026676178, 0.19168241322040558, 0.04145263135433197, -0.13900500535964966, 0.4835483431816101, 0.16396133601665497, 0.0511823371052742, 0.735820472240448, -0.2996376156806946, 0.5131611824035645, 0.13571055233478546, 0.06441851705312729, 0.06300339847803116, 0.4657633304595947, 0.21097105741500854, -0.09998643398284912, -0.035302311182022095, -0.002980851335451007, -0.40459513664245605, 0.5153043270111084, 0.164097860455513, 0.6605582237243652, -0.7083536386489868, 0.18700173497200012, 0.28303062915802, -0.11349397897720337, -0.2628827691078186, 0.49369969964027405, 5.600778579711914, -0.16948913037776947, 0.0, -0.38999998569488525, 0.47999998927116394, -0.6623125672340393, 0.30807608366012573, -0.5883525013923645, 0.3468034863471985, 0.3511776328086853, -0.39422574639320374, -0.6236871480941772, 0.5764326453208923, -0.017485935240983963, -0.44971534609794617, 0.5103552341461182, 0.010240089148283005, -0.3495802581310272, 0.9366243481636047, -0.020579960197210312, 0.39703792333602905, -0.11732282489538193, -0.1945420652627945, -0.2770324945449829, 0.25942009687423706, 0.5364546775817871, 0.014643052592873573, -0.4567209780216217, 0.490177184343338, 0.04756675660610199, -0.5415067076683044, 0.8353865146636963, -0.08146896958351135, 0.7811912298202515, 0.03264354541897774, -0.24543344974517822, 3.942638874053955, 0.4213031232357025, 5.208866119384766, 0.031727563589811325, -0.4433005452156067, 0.5152515172958374, 0.027174897491931915, -0.4123364984989166, 0.9083035588264465, -0.06499751657247543, 0.5471535921096802, 0.379485160112381, 0.48802921175956726, -5.50744104385376, -0.8635705709457397, 3.537166118621826, 0.03917062282562256, -0.4338827431201935, 0.5266517996788025, -0.11802694201469421, -0.23656150698661804, 0.9624338150024414, -0.06188089773058891, 0.04823165759444237, 0.7422018051147461, 0.8833129405975342, -18.86896324157715, -4.759275436401367, -2.283022165298462, -0.06998935341835022, -0.3779205083847046, 0.5029980540275574, -0.08852499723434448, -0.654887855052948, 0.710491418838501, 0.2418408840894699, 0.45975595712661743, -0.2923046946525574, -0.13330820202827454, 4.302844524383545, 4.145464897155762, 2.921888589859009, -1.3844202756881714, -2.205756902694702, 1.981665849685669, 0.026074936613440514, -0.007042964454740286, 0.010354653932154179, -0.8859031200408936, -2.899639844894409, 1.5589299201965332, -0.0020419671200215816, -0.003954129759222269, 0.00014492326590698212, -0.7404786944389343, -2.5202081203460693, 1.5768134593963623, 0.013379217125475407, -0.002207533922046423, 0.0004974005278199911, -1.162388563156128, -2.308814764022827, 1.6539095640182495, 0.02978629246354103, -0.002379323821514845, 0.001654924126341939, -1.3773137331008911, -2.755617618560791, 0.17991207540035248, 0.009561442770063877, -0.013265303336083889, -0.010835682041943073, -1.0, 1.0, 0.4304710626602173, -1.0, -0.08336485177278519, -1.0, -1.0, -1.0, -0.38613200187683105, 0.6137641668319702, -1.0, 1.0, 0.1979069709777832, 0.23751214146614075, 0.1429344117641449, 0.8105459213256836, -1.0, 0.9320237636566162, -0.48300227522850037, 1.0]
[0.09734845906496048, 0.00846109725534916, 0.268359512090683, -0.5488042831420898, -0.5104004740715027, -0.674521803855896, -0.38199058175086975, -0.7963146567344666, -0.6809550523757935, -0.8235847353935242, -0.2095841020345688, -0.15963762998580933, -0.8893370032310486, -0.8308249711990356, -0.09300237894058228, 0.027245812118053436, -0.43742525577545166, -0.36681631207466125, -0.5030005574226379, 0.198683962225914, -0.8454635143280029, 0.6011507511138916, -0.14889280498027802, 0.8220483064651489, -0.595697820186615, -0.08844082057476044, 0.5474351048469543, -0.710856556892395, 0.7851828932762146, 0.7855190634727478, -0.46158096194267273, 0.4069402813911438, 0.6155760884284973, 0.10964670032262802, -0.4140496253967285, 0.8464946746826172, -0.1868228167295456, -0.0684848204255104, 0.30372461676597595, -0.3538053035736084, 2.0456950664520264, 0.572780966758728, 1.006765365600586, 1.3651458024978638, -0.21345508098602295, 0.07613983750343323, -0.8042219281196594, 0.32210180163383484, -1.440424919128418, -0.6845831871032715, -0.013799610547721386, -0.022892974317073822, 0.004318307153880596, 0.021286996081471443, -0.02449766732752323, 0.16723908483982086, 0.14675240218639374, 0.06797168403863907, -0.10145165771245956, -0.2716783881187439, -0.10371996462345123, -0.03531977906823158, -0.39375051856040955, -0.23765453696250916, -0.06117359548807144, -0.050574857741594315, -0.029311124235391617, 0.022368190810084343, 0.06278029084205627, 0.01644047163426876, -0.07189196348190308, -0.02675897628068924, 0.0028576976619660854, -0.4061632752418518, 0.5099873542785645, -0.01016019843518734, 0.6994178295135498, -0.7143805623054504, 0.01927925832569599, 0.40744662284851074, -0.0753200352191925, -0.308282732963562, 0.4315953850746155, 5.908366680145264, 0.1780470460653305, 0.0, -0.38999998569488525, 0.47999998927116394, -0.6623125672340393, 0.30807608366012573, -0.5883525013923645, 0.3468034863471985, 0.20066595077514648, -0.23054438829421997, -0.696509838104248, 0.6491967439651489, -0.010763405822217464, -0.45143380761146545, 0.5068584680557251, 0.0127747543156147, -0.33099672198295593, 0.9432801008224487, -0.0223719272762537, 0.42179784178733826, -0.03809076547622681, -0.1787484884262085, -3.8933682441711426, 0.11014413833618164, 0.2898738384246826, 0.02674124762415886, -0.45485371351242065, 0.49060043692588806, 0.0676884576678276, -0.5269691348075867, 0.8386082053184509, -0.12024187296628952, 0.7891372442245483, 0.21116766333580017, 0.2140342891216278, -5.015244483947754, -1.562774658203125, 5.208673000335693, 0.0415167398750782, -0.4383690655231476, 0.5195859670639038, 0.038281913846731186, -0.38295650482177734, 0.9174099564552307, -0.10118182748556137, 0.6619773507118225, 0.32137733697891235, 0.18407133221626282, -2.4171273708343506, -0.8092169761657715, 5.016526222229004, 0.0431194081902504, -0.42407169938087463, 0.5379302501678467, -0.14054901897907257, -0.07815954089164734, 0.9840083122253418, -0.0765814408659935, 0.2316369265317917, 0.9129065871238708, 0.6142594218254089, -17.933780670166016, -3.488546371459961, -0.785212516784668, -0.061950236558914185, -0.38270777463912964, 0.50066077709198, -0.02356794662773609, -0.6784766912460327, 0.6925963759422302, 0.2437705397605896, 0.6095628142356873, -0.32692885398864746, -0.22279302775859833, 5.770411491394043, 5.047083377838135, 5.572818279266357, -0.09376168996095657, -0.23373158276081085, -0.10340486466884613, 0.017781022936105728, 0.0003303391858935356, -0.0009074372937902808, -0.11744418740272522, -1.850009560585022, 0.2762930691242218, 0.04022154211997986, 0.00034531301935203373, -6.393232615664601e-05, -0.4756847620010376, 1.4219880104064941, -0.3638075292110443, -0.013989963568747044, -0.0033303946256637573, 0.0038104509003460407, -0.9937499761581421, 0.6994612216949463, -0.6820590496063232, -0.018819205462932587, -0.011598438955843449, 0.002567397430539131, -0.987214207649231, 0.1523938924074173, 0.09290239959955215, -0.00184037652797997, -0.010963549837470055, -0.002052726224064827, -1.0, -0.09959287941455841, 1.0, -0.9401145577430725, -0.01113874651491642, -1.0, -0.3620064854621887, -0.12251301109790802, -0.8844837546348572, 0.20154723525047302, -1.0, -0.019529061391949654, -0.6284266114234924, 0.8827921748161316, -0.12702259421348572, 0.8420650959014893, -1.0, 0.7106505632400513, -1.0, 1.0]
[-0.06385140120983124, -0.043402574956417084, 0.3913081884384155, -0.6093162298202515, -0.3881829082965851, -0.5638741254806519, -0.4852391481399536, -0.6679657101631165, -0.5754459500312805, -0.769356369972229, -0.3213076591491699, -0.07320293039083481, -0.9063393473625183, -0.8368264436721802, -0.08672331273555756, -0.06652937084436417, -0.2095150649547577, -0.34025418758392334, -0.4302900731563568, 0.3152015209197998, -0.8670422434806824, 0.6336721181869507, -0.2779444754123688, 0.8362423777580261, -0.6092240214347839, -0.5428056716918945, 0.47897768020629883, -0.4826899468898773, 1.308574914932251, 1.2932038307189941, -0.40538692474365234, 1.6077879667282104, 1.174560546875, 0.9505106806755066, -0.483202189207077, 0.7617663145065308, -0.14443017542362213, -0.04902330040931702, -0.14135371148586273, -0.3942495286464691, 2.1179606914520264, 0.06979478895664215, 0.36792734265327454, 1.4741969108581543, -0.13624662160873413, 0.07652736455202103, -0.7937957048416138, 0.03016824834048748, -0.2074570655822754, -4.677879810333252, -0.030527113005518913, -0.21825116872787476, -0.033088430762290955, 0.014896602369844913, 0.008627265691757202, -0.01162583939731121, 0.055647432804107666, 0.06363626569509506, -0.01168174296617508, -0.3385005593299866, -0.11822178214788437, -0.037738002836704254, -0.6392430067062378, -0.024447476491332054, -0.40426212549209595, -0.16571301221847534, -0.0794515609741211, 0.05220301076769829, -0.09790410101413727, -0.05572044104337692, -0.03633452206850052, -0.01731892302632332, 0.009851817041635513, -0.407167911529541, 0.5031602382659912, -0.16926640272140503, 0.7010266184806824, -0.6828604340553284, -0.11667091399431229, 0.4256010055541992, -0.05261768028140068, -0.4380415081977844, 0.5232313275337219, 4.6209716796875, 0.3827367126941681, 0.0, -0.38999998569488525, 0.47999998927116394, -0.6623125672340393, 0.30807608366012573, -0.5883525013923645, 0.3468034863471985, 0.06610304862260818, -0.07361677289009094, -0.7176138162612915, 0.6893776059150696, -0.003391740145161748, -0.452085018157959, 0.5009114146232605, 0.016795342788100243, -0.280685693025589, 0.9593032598495483, -0.025896811857819557, 0.4654650092124939, 0.09218986332416534, -0.38501232862472534, -7.967974662780762, 0.1978624016046524, 0.8392834663391113, 0.03815000131726265, -0.4505183696746826, 0.49430572986602783, 0.0706896185874939, -0.44006553292274475, 0.8796209692955017, -0.16616937518119812, 0.640676736831665, 0.4754275977611542, 0.42840084433555603, -14.811084747314453, -6.1791672706604, 4.6866278648376465, 0.052092939615249634, -0.4339357912540436, 0.5185754299163818, 0.05057346820831299, -0.3724270462989807, 0.9154532551765442, -0.1438252478837967, 0.673949658870697, 0.2717880308628082, -0.204903706908226, 0.014727756381034851, -0.658271849155426, 5.403552055358887, 0.04905451089143753, -0.41428181529045105, 0.5426870584487915, -0.14949291944503784, 0.03269806131720543, 0.9834710359573364, -0.09678501635789871, 0.36674562096595764, 0.6743393540382385, 0.042020369321107864, -9.569148063659668, -1.4850229024887085, 1.2728230953216553, -0.05291522294282913, -0.3872106373310089, 0.4958357810974121, 0.06276334077119827, -0.7084178924560547, 0.6613474488258362, 0.2383785992860794, 0.6533693671226501, -0.2708319425582886, -0.4825277030467987, 8.531112670898438, 6.018065929412842, 7.060198783874512, -0.17942242324352264, 0.2886055111885071, -0.9664223194122314, 0.01922568678855896, -0.002113429130986333, 0.0013629974564537406, 0.22824488580226898, -0.9128212928771973, -0.3114185035228729, 0.049943942576646805, 0.002553871599957347, 5.220258026383817e-05, 0.05945736914873123, 1.697716236114502, -0.929654598236084, -0.01227225735783577, 0.0005518764955922961, 0.0008444575360044837, -0.02113957144320011, 1.9899271726608276, -2.208785057067871, -0.049602657556533813, -0.00790588092058897, -0.0044237165711820126, -0.6185311675071716, 1.4046214818954468, 0.06146744638681412, -0.008043177425861359, -0.0074224225245416164, -0.004470296204090118, -1.0, -0.765316367149353, 1.0, -0.8801892995834351, 0.4619617760181427, -1.0, 0.5235750079154968, 0.2212700992822647, -1.0, 0.3242277503013611, -1.0, -0.6305556297302246, -0.5956416130065918, 1.0, -0.4104836881160736, 1.0, -1.0, 0.7451900243759155, -1.0, 0.8018818497657776]
[-0.22373853623867035, -0.13038226962089539, 0.4621521532535553, -0.6555852293968201, -0.22341680526733398, -0.3987475633621216, -0.5754547715187073, -0.4665191173553467, -0.4592481553554535, -0.6376414895057678, -0.41851574182510376, -0.000788708683103323, -0.9208609461784363, -0.8417221307754517, -0.12508775293827057, -0.08604071289300919, -0.0021533553954213858, -0.3327665627002716, -0.41382017731666565, 0.4266836643218994, -0.8838652968406677, 0.6375576853752136, -0.3871166408061981, 0.8098252415657043, -0.5856738090515137, -0.6575113534927368, 0.19039498269557953, -0.39912745356559753, 1.6323606967926025, 1.7711952924728394, -0.35032200813293457, 1.9999125003814697, 1.0241576433181763, 1.349340796470642, -0.35443106293678284, 0.6165861487388611, -0.12959349155426025, -0.043992720544338226, -0.2016049474477768, 0.09141329675912857, 1.8029091358184814, 0.06890735775232315, 0.06283675879240036, 1.3201496601104736, -0.12289581447839737, -0.02993510104715824, -0.6110437512397766, -0.3865702152252197, 0.8825923204421997, -0.819520890712738, -0.03212026506662369, -0.02092033252120018, 0.009456558153033257, 0.02153593674302101, 0.017341487109661102, 0.01811426505446434, -0.008011618629097939, 0.002541742753237486, 0.062084563076496124, -0.12094035744667053, -0.04343525320291519, -0.014320877380669117, -0.07517220079898834, 0.09731907397508621, -0.1819116771221161, -0.07045982778072357, -0.029055755585432053, -0.024866681545972824, 0.04142370820045471, 0.0007645381847396493, 0.03864974156022072, 0.0054915291257202625, 0.01706666499376297, -0.40771883726119995, 0.494222491979599, -0.3027217984199524, 0.6835795044898987, -0.6283617615699768, -0.21503470838069916, 0.44628608226776123, -0.0109413992613554, -0.5588458180427551, 0.664762020111084, 4.111593246459961, 0.6287581324577332, 0.0, -0.38999998569488525, 0.47999998927116394, -0.6623125672340393, 0.30807608366012573, -0.5883525013923645, 0.3468034863471985, -0.03880266472697258, 0.06525000184774399, -0.7039163112640381, 0.7062143087387085, 0.004964800551533699, -0.45126327872276306, 0.4930180609226227, 0.02273373119533062, -0.19664831459522247, 0.9794197082519531, -0.03936326503753662, 0.523923933506012, 0.2550175189971924, -0.41360950469970703, -11.821183204650879, -0.2614334523677826, 2.421630859375, 0.04745401814579964, -0.44378408789634705, 0.4982396364212036, 0.05023575201630592, -0.30165329575538635, 0.9276631474494934, -0.2142958641052246, 0.40294480323791504, 0.6721978187561035, 0.3797966241836548, -16.494029998779297, -8.885232925415039, 3.874908447265625, 0.06202886253595352, -0.42980772256851196, 0.5138577222824097, 0.06139165908098221, -0.3750898838043213, 0.9065741300582886, -0.1834721565246582, 0.5989845395088196, 0.24915987253189087, -0.33863210678100586, 1.2250006198883057, -0.37769845128059387, 4.611561298370361, 0.05476599559187889, -0.4061606228351593, 0.5417440533638, -0.15115958452224731, 0.08958299458026886, 0.9784266948699951, -0.1086588054895401, 0.29633629322052, 0.528728723526001, -0.16060996055603027, -5.299643039703369, -0.6670303344726562, -0.03133121877908707, -0.04435635358095169, -0.3903675973415375, 0.4888727068901062, 0.15624232590198517, -0.7405509948730469, 0.6144334077835083, 0.2228095680475235, 0.5866708159446716, -0.13224758207798004, -0.5864933729171753, 9.686673164367676, 5.113574981689453, 7.582878589630127, -0.1260383278131485, -0.2949714958667755, -0.1573512852191925, 0.017111362889409065, -0.001665425836108625, 0.004422951024025679, 0.4442856013774872, 0.008064009249210358, -0.1522492915391922, 0.0026627029292285442, 0.0024748139549046755, -0.0023978431709110737, 0.4778186082839966, 0.5948259830474854, -0.23680849373340607, -0.005398486740887165, 0.003050078870728612, -0.0034338769037276506, 0.6281551718711853, 0.8326742053031921, -0.7556009888648987, -0.01656564138829708, -0.00227351114153862, -0.011422311887145042, 0.4184262156486511, 0.6006929278373718, -0.06877278536558151, -0.0033708554692566395, -0.0012032876256853342, 0.00503906887024641, -1.0, -0.7316508889198303, 0.5815465450286865, -0.8754109740257263, 0.7873803973197937, -1.0, 0.8012823462486267, 0.11116315424442291, -0.8268749713897705, 0.33066675066947937, -1.0, -0.4337339699268341, 0.2635364532470703, 1.0, -0.30058181285858154, 1.0, -1.0, 0.4675312340259552, -0.8849099278450012, 0.5076856017112732]
[-0.37155085802078247, -0.21296723186969757, 0.39948001503944397, -0.6877155900001526, -0.07786779850721359, -0.20953434705734253, -0.6393730044364929, -0.26254841685295105, -0.382974237203598, -0.5126631259918213, -0.4322653114795685, 0.03795818239450455, -0.9336013197898865, -0.8460754752159119, -0.15167954564094543, 0.01276811771094799, 0.15208715200424194, -0.3150189220905304, -0.407014399766922, 0.5236103534698486, -0.8999097347259521, 0.5717911720275879, -0.4808799922466278, 0.7790245413780212, -0.5285075902938843, -0.5303656458854675, -0.4095090329647064, -0.17823056876659393, 1.2102237939834595, 1.6734555959701538, -0.26169249415397644, 1.7850347757339478, 0.5364500284194946, 0.9385561347007751, 0.10424591600894928, 0.21871641278266907, -0.11348152160644531, -0.03916434571146965, -0.0800662487745285, 0.5735078454017639, 1.2255089282989502, 0.21358704566955566, 0.10655786842107773, 1.1264214515686035, -0.11968143284320831, -0.2337888777256012, -0.5583206415176392, -0.2308948040008545, 1.4803886413574219, 1.882442831993103, 0.024169117212295532, 0.22585529088974, 0.04679169878363609, -0.00031482777558267117, -0.013383779674768448, -0.010624355636537075, -0.059619877487421036, -0.04704397916793823, 0.1320016235113144, -0.022546328604221344, -0.014232121407985687, -0.00635025929659605, 0.2605538070201874, 0.08666916936635971, -0.07217618823051453, -0.037184156477451324, -0.010367337614297867, -0.06598695367574692, 0.11472535133361816, 0.028195668011903763, 0.06446553766727448, 0.027470672503113747, 0.02409152127802372, -0.4058586359024048, 0.48829197883605957, -0.3812406361103058, 0.677718460559845, -0.5906643867492676, -0.21556644141674042, 0.2800620496273041, 0.15333743393421173, -0.11193946748971939, 1.5928102731704712, -1.1929506063461304, 1.9235365390777588, 0.0, -0.38999998569488525, 0.47999998927116394, -0.6623125672340393, 0.30807608366012573, -0.5883525013923645, 0.3468034863471985, -0.058220140635967255, 0.1345454901456833, -0.6630838513374329, 0.7340489625930786, 0.015105877071619034, -0.4492149353027344, 0.48586803674697876, 0.02387475036084652, -0.10274644941091537, 0.9915409684181213, -0.07562818378210068, 0.6018533706665039, 0.3215745687484741, -0.32769978046417236, -10.69286060333252, -1.8029226064682007, 5.075960159301758, 0.05410243570804596, -0.43634289503097534, 0.5014858245849609, 0.01958671398460865, -0.1744529753923416, 0.9516725540161133, -0.2519954741001129, 0.24683144688606262, 0.6223482489585876, 0.22413566708564758, -11.567419052124023, -7.515744686126709, 3.0758094787597656, 0.07004252821207047, -0.42666682600975037, 0.5080681443214417, 0.07029224187135696, -0.38832733035087585, 0.8953647613525391, -0.20635570585727692, 0.4526471793651581, 0.14798441529273987, -0.370474636554718, 2.2208592891693115, 0.7121701240539551, 2.1168053150177, 0.05887506902217865, -0.39955464005470276, 0.5391421914100647, -0.1501196026802063, 0.12651875615119934, 0.9751884341239929, -0.10229623317718506, 0.20972757041454315, 0.429523229598999, -0.173577219247818, -3.836120843887329, -0.4206920564174652, -2.0974128246307373, -0.037158239632844925, -0.39190638065338135, 0.4817892014980316, 0.2349444180727005, -0.7677633166313171, 0.5598382949829102, 0.20474794507026672, 0.45074471831321716, -0.008534002117812634, -0.5386333465576172, 8.851059913635254, 4.074785232543945, 5.432030200958252, 0.2702662944793701, -0.28271472454071045, 0.9474760293960571, -0.004555549006909132, 0.0009215775644406676, 0.0006758444360457361, 0.22302091121673584, 0.9196432828903198, -0.009971153922379017, -0.03324933350086212, -0.00039620904135517776, -6.574703547812533e-06, 0.8514651656150818, 0.15318307280540466, 0.23955298960208893, -0.004052512813359499, 0.005903836339712143, -0.009159891866147518, 0.5774816870689392, 0.5520390868186951, 0.08017580956220627, -0.002086751163005829, -0.0005544214509427547, -0.009585602208971977, 1.0809667110443115, 0.012617534957826138, -0.21302445232868195, 0.00018957277643494308, 0.010175207629799843, 0.0086040198802948, -1.0, -0.522010087966919, -0.8894992470741272, -0.8184435963630676, 0.5333051681518555, -0.6824609637260437, 0.8787801265716553, -0.16341759264469147, -0.0720805674791336, 0.09895981103181839, -1.0, -0.16945689916610718, 1.0, 0.7832848429679871, -0.16856184601783752, 1.0, -1.0, -0.09923169016838074, -0.9512537717819214, 0.6708995699882507]
[-0.5049444437026978, -0.23593048751354218, 0.2510528564453125, -0.5926583409309387, 0.0006548543460667133, -0.06955751776695251, -0.6811460852622986, -0.07803640514612198, -0.29148241877555847, -0.4252657890319824, -0.3204714059829712, 0.07154780626296997, -0.947217583656311, -0.851138710975647, -0.10619793087244034, 0.15862034261226654, 0.2622605860233307, -0.33137246966362, -0.4002542495727539, 0.6062884330749512, -0.9203338623046875, 0.5148647427558899, -0.5689579248428345, 0.785859227180481, -0.4689340591430664, 0.07190098613500595, -0.7077843546867371, 1.4654366970062256, 0.4805454909801483, 0.9449950456619263, -0.12060024589300156, 1.6990216970443726, 1.0148481130599976, 0.8838581442832947, 0.6476579904556274, 0.37715646624565125, -0.12485797703266144, -0.04992160573601723, 0.38851746916770935, 0.609635591506958, 0.9202792048454285, -0.3402871787548065, -0.034100744873285294, 0.9560818672180176, -0.15213543176651, -0.08700358122587204, -0.5277189612388611, 0.2171543836593628, 1.8343009948730469, 8.705912590026855, 0.022004524245858192, 0.8376563787460327, 0.21085882186889648, 0.01878325641155243, 0.02458067797124386, 0.4341394007205963, 0.14117108285427094, 0.04800073429942131, 0.13411860167980194, 0.5119595527648926, 0.18760502338409424, 0.06153818592429161, 0.898634672164917, 0.0022576735354959965, 0.32977762818336487, 0.03647175058722496, -0.008132629096508026, -0.15886494517326355, 0.3192644715309143, 0.17605261504650116, 0.1655644178390503, 0.06267295777797699, 0.02782922051846981, -0.40443548560142517, 0.4910777807235718, -0.4470202624797821, 0.6675155162811279, -0.5797231197357178, -0.13607728481292725, 0.21824069321155548, 0.06463728100061417, 0.3969075381755829, 0.25209254026412964, 1.6979163885116577, 2.9207334518432617, 0.0, -0.38999998569488525, 0.47999998927116394, -0.6623125672340393, 0.30807608366012573, -0.5883525013923645, 0.3468034863471985, -0.031018324196338654, 0.15246647596359253, -0.5854990482330322, 0.7956022024154663, 0.025579702109098434, -0.445170521736145, 0.4894108474254608, 0.009123619645833969, 0.012434235773980618, 0.9921717047691345, -0.1239250972867012, 0.5255975127220154, 0.5140532851219177, 0.5416229367256165, -14.075932502746582, -4.5273566246032715, 6.089601993560791, 0.058110229671001434, -0.42805570363998413, 0.5085883140563965, -0.016726689413189888, -0.04465274512767792, 0.9590755105018616, -0.2791063189506531, 0.0013701547868549824, 0.7648702263832092, 0.6028680801391602, -15.482893943786621, -9.82956600189209, 1.8680418729782104, 0.07516074925661087, -0.4238264560699463, 0.5072749853134155, 0.0746065154671669, -0.3888137936592102, 0.8947849273681641, -0.20643995702266693, 0.22040630877017975, 0.19000454246997833, 0.15965411067008972, -1.5214232206344604, 0.23773524165153503, -0.8225749135017395, 0.060488272458314896, -0.3932413160800934, 0.5404664874076843, -0.15728573501110077, 0.15613742172718048, 0.9710496664047241, -0.08913382887840271, -0.004045928828418255, 0.4359980821609497, 0.2058391124010086, -2.703503370285034, -2.0753743648529053, -1.7329055070877075, -0.031074799597263336, -0.3926069438457489, 0.4778256416320801, 0.2883511781692505, -0.7781239748001099, 0.5218416452407837, 0.19763045012950897, 0.3627343773841858, -0.0045561701990664005, -0.176153302192688, 3.608621120452881, 3.4233641624450684, 3.3768744468688965, 0.42341020703315735, -0.7818626165390015, 4.311811447143555, 0.007055317983031273, 0.0027003404684364796, -0.00013007417146582156, 0.2710549235343933, -1.3498389720916748, 2.529479503631592, 0.02775314822793007, -0.003720044856891036, -0.004654421471059322, 0.8273676633834839, -2.7203214168548584, 1.6721971035003662, 0.020733365789055824, 0.004882603883743286, -0.011006806045770645, 0.40622979402542114, 0.41730865836143494, 2.4201951026916504, -0.001872998895123601, 0.00901868473738432, -0.0004173096676822752, 2.5506997108459473, -2.199026584625244, -0.7210955619812012, 0.017544101923704147, 0.021861758083105087, 0.010033303871750832, -1.0, 0.6539344787597656, -1.0, 0.7398945689201355, 0.20857743918895721, -0.6738414764404297, 1.0, 0.4038499593734741, 0.8060546517372131, 0.3878609836101532, -1.0, 0.7185157537460327, 1.0, 0.7928711771965027, -0.6245261430740356, 1.0, -1.0, 0.476709246635437, -1.0, 1.0]
[-0.6201902627944946, -0.23939363658428192, 0.1563279777765274, -0.4347420334815979, 0.001914026215672493, -0.017515873536467552, -0.6988588571548462, 0.10526339709758759, -0.20866884291172028, -0.32314202189445496, -0.22630546987056732, 0.1658657342195511, -0.9592537879943848, -0.8562123775482178, 0.0006652941228821874, 0.29497769474983215, 0.32471299171447754, -0.26292380690574646, -0.38746583461761475, 0.6746919751167297, -0.8913793563842773, 0.4475681483745575, -0.6394579410552979, 0.8143684267997742, -0.39777228236198425, -0.07358185946941376, -0.16159482300281525, 1.378464937210083, -0.2564930021762848, 0.1326994150876999, 0.036823298782110214, 1.6563838720321655, 0.6348742842674255, 0.9343109130859375, 0.21787357330322266, 1.2572853565216064, -0.10277924686670303, -0.044710345566272736, 0.5459944009780884, 0.534805953502655, 0.40069207549095154, 1.1454002857208252, 0.4733753204345703, 0.7810426950454712, 0.40393730998039246, -0.20060555636882782, -0.3852187395095825, 0.2869330048561096, 1.7813389301300049, -1.1064647436141968, 0.19958056509494781, -0.15983335673809052, -0.10085785388946533, -0.06296973675489426, 0.060253992676734924, -0.15039917826652527, -0.08979037404060364, -0.037127211689949036, -0.032754842191934586, 0.24592623114585876, 0.11291942000389099, 0.04302698373794556, 0.04667127504944801, 0.027052830904722214, -0.1743279993534088, 0.028799884021282196, 0.04997897893190384, -0.01169129740446806, 0.1274225264787674, 0.06109405681490898, 0.030781850218772888, 0.011875363998115063, 0.02900155819952488, -0.40324482321739197, 0.4973541796207428, -0.5775106549263, 0.5790739059448242, -0.5643231272697449, -0.11266815662384033, 0.01402384601533413, 0.05558212846517563, 0.30866143107414246, -0.09517368674278259, 1.3009647130966187, 3.163921356201172, 0.0, -0.38999998569488525, 0.47999998927116394, -0.6623125672340393, 0.30807608366012573, -0.5883525013923645, 0.3468034863471985, -0.10805919021368027, 0.2015567570924759, -0.4676084816455841, 0.8538386821746826, 0.03320315107703209, -0.4404761791229248, 0.49647846817970276, -0.008074852637946606, 0.09261278063058853, 0.983119785785675, -0.15758533775806427, 0.30205821990966797, 0.3326094150543213, 0.30025213956832886, -5.487045764923096, -2.190826892852783, 2.825716495513916, 0.05950058624148369, -0.4192708134651184, 0.5159339308738708, -0.05942158028483391, 0.09174367785453796, 0.9495974779129028, -0.29379716515541077, -0.11904937773942947, 0.6906993985176086, 0.2747366726398468, -12.884435653686523, -9.033056259155273, 0.8660977482795715, 0.0785052627325058, -0.41904670000076294, 0.5108868479728699, 0.07290609925985336, -0.3618375360965729, 0.9055646061897278, -0.20907151699066162, 0.1550319939851761, 0.4205329120159149, 0.3358038663864136, -4.769594669342041, -1.9982781410217285, 0.8239193558692932, 0.05990291386842728, -0.3867071270942688, 0.5427392721176147, -0.17612969875335693, 0.2115088403224945, 0.9589738249778748, -0.06790787726640701, -0.09504615515470505, 0.5210238695144653, 0.009400354698300362, -8.945691108703613, -4.227817535400391, -4.150043487548828, -0.02487165853381157, -0.3935059905052185, 0.4765324592590332, 0.3315695822238922, -0.7729183435440063, 0.5029075145721436, 0.19935576617717743, 0.40690743923187256, -0.044149722903966904, -0.07651599496603012, 1.6450035572052002, 3.6627941131591797, 3.7239136695861816, 1.2153290510177612, 1.0175122022628784, -1.2002240419387817, -0.047707054764032364, -0.006788499187678099, -0.01864331215620041, 0.5848703384399414, 0.8881937265396118, -1.0156526565551758, -0.023804306983947754, -0.0008944446453824639, -0.006998204160481691, -0.10058754682540894, -1.5132259130477905, -0.06454098224639893, 0.020328592509031296, -0.0036735059693455696, 0.00759494723752141, 0.46346065402030945, -0.6218565702438354, -0.418226957321167, 0.04065113514661789, 0.0010354239493608475, -0.0013711487408727407, 0.44034063816070557, -0.6223177313804626, 0.03527411073446274, 0.006319268606603146, 0.004829911049455404, 0.0001326898200204596, -1.0, -0.37757018208503723, -1.0, 0.6464221477508545, -0.15850545465946198, -0.18715929985046387, 1.0, 0.08566112816333771, -0.04127909243106842, 0.9601691961288452, -1.0, 0.7115839719772339, 1.0, 0.4816635847091675, 0.6731723546981812, 1.0, -0.43880394101142883, -0.04566439986228943, -0.9423943161964417, 1.0]
[-0.7147864103317261, -0.2139485776424408, 0.12856905162334442, -0.3863312005996704, 0.043101709336042404, -0.006829303689301014, -0.712801456451416, 0.2588520050048828, -0.19501160085201263, -0.2555778920650482, -0.15451551973819733, 0.30613407492637634, -0.9693312644958496, -0.8606714010238647, 0.12681643664836884, 0.4131283760070801, 0.3579058349132538, -0.09953558444976807, -0.2672378718852997, 0.7314056754112244, -0.8417403101921082, 0.2886437475681305, -0.6999998688697815, 0.8435786962509155, -0.31642770767211914, 0.3414911925792694, -0.25216448307037354, 0.025929618626832962, 0.7343399524688721, 0.20210377871990204, -0.0508507564663887, 1.3555521965026855, -0.14548620581626892, 0.273987740278244, 0.272769570350647, 1.2436174154281616, -0.07754074782133102, -0.03507174924015999, 0.6162253022193909, 0.457751989364624, 0.27093422412872314, 1.7044299840927124, 1.6738388538360596, 0.6521320343017578, 0.3319520056247711, -0.4886288642883301, -0.36422693729400635, 0.26096829771995544, 2.274890184402466, 4.337845802307129, -0.026830103248357773, -0.036283787339925766, 0.018050940707325935, 0.015536567196249962, 0.02208874002099037, 0.1654764711856842, -0.02357644960284233, -0.04897664859890938, 0.02935846336185932, 0.07096488028764725, 0.023080814629793167, 0.006457580719143152, 0.41253820061683655, -0.012978805229067802, 0.1511169821023941, 0.05345750227570534, 0.05798069387674332, -0.09111874550580978, 0.057779714465141296, -0.0013485621893778443, 0.10845759510993958, 0.03138549253344536, 0.02831513248383999, -0.40373510122299194, 0.5026606917381287, -0.6124974489212036, 0.5431004762649536, -0.5743522644042969, -0.0028421347960829735, -0.06775440275669098, -0.05283480882644653, 0.34955084323883057, 1.5077073574066162, -1.7962080240249634, 2.282998561859131, 0.0, -0.38999998569488525, 0.47999998927116394, -0.6623125672340393, 0.30807608366012573, -0.5883525013923645, 0.3468034863471985, -0.07170827686786652, 0.16918841004371643, -0.37186598777770996, 0.9099169373512268, 0.03843797370791435, -0.43734240531921387, 0.5013010501861572, -0.0196201354265213, 0.13798601925373077, 0.9744995832443237, -0.17585597932338715, 0.25773268938064575, 0.2619185447692871, 0.2779710292816162, -5.98103666305542, -2.588611364364624, 2.861417770385742, 0.06006136164069176, -0.4117623567581177, 0.5229579210281372, -0.09049876034259796, 0.1846085786819458, 0.9304956197738647, -0.30316251516342163, -0.07454515993595123, 0.5240005850791931, 0.41348227858543396, -7.452764987945557, -5.195441246032715, 1.409203052520752, 0.07995610684156418, -0.4122317135334015, 0.5185778737068176, 0.06499843299388885, -0.30901721119880676, 0.9242874383926392, -0.214420348405838, 0.015831606462597847, 0.5072795748710632, 0.6024220585823059, -6.789057731628418, -2.8319361209869385, 0.18917571008205414, 0.05786668509244919, -0.3790479302406311, 0.5457768440246582, -0.20198576152324677, 0.3373810350894928, 0.918951153755188, -0.03007579781115055, -0.1738719940185547, 0.7415487766265869, 0.036703240126371384, -18.238269805908203, -6.844064235687256, -7.455445289611816, -0.01940886862576008, -0.39429396390914917, 0.4770101010799408, 0.36113518476486206, -0.7653679251670837, 0.4925405979156494, 0.20297063887119293, 0.2965899109840393, -0.03253092244267464, 0.0744456797838211, 0.536008894443512, 2.088219404220581, 1.8164397478103638, 0.07568805664777756, -0.034553200006484985, 0.3399409353733063, 0.015018269419670105, 0.004556542728096247, 0.006503129377961159, 0.24597781896591187, 0.9909002780914307, 0.91835618019104, -0.034113142639398575, -0.002479435410350561, -0.0009894813410937786, 0.2879205048084259, -0.3591741621494293, 0.7656527161598206, 0.0010699671693146229, -0.000396072311559692, 0.0008702560444362462, 0.1739150881767273, -0.5750375986099243, 1.1219074726104736, 0.04935512691736221, 0.003688944038003683, 0.0008315980667248368, 1.4773261547088623, -0.07460889965295792, -0.49120664596557617, 0.0009893412934616208, 0.007748275995254517, 0.01029010396450758, -1.0, 0.3052452802658081, -1.0, -0.4327491223812103, 0.6973699927330017, -0.581746518611908, 1.0, -0.4234347939491272, 0.6237132549285889, 1.0, -1.0, 1.0, 1.0, 0.5314425230026245, 1.0, 1.0, -0.6014595627784729, -1.0, -1.0, 1.0]
[-0.7894504070281982, -0.17794527113437653, 0.04357859492301941, -0.3433506190776825, 0.060608476400375366, 0.026691270992159843, -0.732998251914978, 0.39660459756851196, -0.24514886736869812, -0.25354617834091187, -0.06346037238836288, 0.4301688075065613, -0.975117564201355, -0.8632281422615051, 0.26187294721603394, 0.5118184089660645, 0.40846163034439087, 0.07720755785703659, -0.060571447014808655, 0.7773765921592712, -0.8292466402053833, 0.09815127402544022, -0.7518219947814941, 0.8694524168968201, -0.25224384665489197, 0.19874054193496704, -0.32666242122650146, 0.5020910501480103, -0.16645938158035278, 0.2320941537618637, -0.11857657879590988, 1.2731027603149414, -0.6313101053237915, -0.12691326439380646, 0.4310224652290344, 1.1218117475509644, -0.042294010519981384, -0.017144879326224327, 0.6264994740486145, 0.37877118587493896, 0.5730947256088257, 1.5953059196472168, 2.0333030223846436, 0.522672712802887, -0.04944641515612602, -0.4635128974914551, -0.29617831110954285, 0.22701580822467804, 1.6415477991104126, -1.345146656036377, 0.06701495498418808, -0.04714273288846016, -0.06724514067173004, -0.035644784569740295, 0.011592424474656582, -0.071356400847435, -0.04689767584204674, -0.027081390842795372, 0.062364593148231506, -0.12384212762117386, -0.045645542442798615, -0.014957291074097157, 0.009344187565147877, 0.004141491372138262, 0.052976638078689575, 0.0006457394920289516, 0.0013135799672454596, 0.008779173716902733, -0.2501043975353241, -0.11989951878786087, 0.004435483831912279, 0.0006695870542898774, 0.027273204177618027, -0.4053434729576111, 0.5073665976524353, -0.6403844952583313, 0.49464690685272217, -0.578052282333374, 0.10529769957065582, -0.06037946417927742, -0.09861578792333603, 0.24269595742225647, 0.6377848386764526, -0.8460091948509216, 2.519965410232544, 0.0, -0.38999998569488525, 0.47999998927116394, -0.6623125672340393, 0.30807608366012573, -0.5883525013923645, 0.3468034863471985, -0.03940494358539581, 0.133026123046875, -0.26884207129478455, 0.9531397223472595, 0.04325789213180542, -0.4342312216758728, 0.5064314603805542, -0.03617686778306961, 0.18260714411735535, 0.9620960354804993, -0.19929152727127075, 0.21301327645778656, 0.2062043845653534, 0.24575261771678925, -3.3499155044555664, -1.8994766473770142, 2.859968423843384, 0.060064222663640976, -0.4054829180240631, 0.5292469263076782, -0.10614632815122604, 0.22592763602733612, 0.9161468744277954, -0.31363123655319214, -0.05463755130767822, 0.3792217969894409, 0.2828695476055145, -2.8492989540100098, -2.1476500034332275, 1.709015965461731, 0.08009543269872665, -0.40560367703437805, 0.5258868336677551, 0.05560176819562912, -0.2561872899532318, 0.9411633014678955, -0.21327920258045197, -0.0569411925971508, 0.45932823419570923, 0.41422852873802185, -5.878987789154053, -2.297407865524292, -0.871600866317749, 0.0547415129840374, -0.370307058095932, 0.5484791398048401, -0.223558709025383, 0.4974146783351898, 0.8378645181655884, 0.024149427190423012, -0.11356698721647263, 0.6917372941970825, -0.19322694838047028, -19.65010643005371, -7.109713554382324, -9.3776216506958, -0.016184702515602112, -0.3943951427936554, 0.4771842658519745, 0.3743493854999542, -0.7660131454467773, 0.4792875647544861, 0.20825393497943878, 0.11680180579423904, 0.02752004750072956, -0.06038811057806015, 1.7842506170272827, 1.6604430675506592, -0.2368471324443817, 0.47589364647865295, 0.518812894821167, -0.6865578889846802, -0.027862591668963432, -0.002688024193048477, -0.004942454397678375, 0.3400719165802002, 0.3729301989078522, -0.634974479675293, -0.021487437188625336, 0.0011085753794759512, -0.0007796542486175895, 0.487643301486969, 0.6442373991012573, -0.3813488781452179, -0.005293730180710554, 0.0023975451476871967, -0.004675706382840872, 0.19732409715652466, -0.09758780896663666, -0.225858673453331, -0.0001502367085777223, -0.0019600426312536, 0.0008186538470908999, 0.032088376581668854, 1.670306921005249, 0.05648576468229294, -0.00868836510926485, 0.0001561763056088239, 0.0059279496781528, -1.0, -0.12261083722114563, -1.0, 0.2557366192340851, -0.13447614014148712, -0.7327635884284973, 1.0, -0.7081593871116638, 0.8515628576278687, 1.0, -1.0, 1.0, 1.0, 0.7982015013694763, 0.9850510358810425, 1.0, -1.0, -0.9997285604476929, -1.0, 1.0]
[-0.8474995493888855, -0.154086634516716, -0.030503787100315094, -0.319516122341156, 0.056955330073833466, 0.034464992582798004, -0.7614066004753113, 0.5203324556350708, -0.2665582001209259, -0.26572850346565247, 0.05200517922639847, 0.5373107194900513, -0.9783445596694946, -0.8645004630088806, 0.38917526602745056, 0.5938573479652405, 0.4516090452671051, 0.2357831597328186, 0.14299257099628448, 0.8151451349258423, -0.8449667692184448, -0.07671206444501877, -0.7947043776512146, 0.891419529914856, -0.190866619348526, 0.1444832682609558, -0.3673318922519684, 0.13817013800144196, 0.052393533289432526, 0.020202064886689186, -0.10447539389133453, 1.066156268119812, 0.033521417528390884, -0.05486728623509407, 0.4944306015968323, 0.8819999694824219, -0.021651066839694977, -0.007516325917094946, 0.5593416690826416, 0.3156198263168335, 0.29899629950523376, 1.391273856163025, 1.7795051336288452, 0.43468785285949707, -0.14988218247890472, -0.4136226773262024, -0.24650037288665771, 0.19028054177761078, 1.5884244441986084, -0.61797696352005, -0.0007966755074448884, -0.08185959607362747, -0.004556204192340374, -0.0005949813639745116, 0.024474292993545532, -0.09776949882507324, 0.011870944872498512, 0.013944958336651325, 0.04099252074956894, -0.16780930757522583, -0.06726981699466705, -0.0236392579972744, -0.0018723204266279936, -0.003067571436986327, -0.06850417703390121, -0.05145961418747902, -0.03125477582216263, 0.002136282389983535, -0.10697229206562042, -0.04127587750554085, 0.014127441681921482, 0.0034378771670162678, 0.02678074687719345, -0.40754252672195435, 0.5099906921386719, -0.6533950567245483, 0.451084703207016, -0.5712577104568481, 0.20799507200717926, -0.030094154179096222, -0.15099921822547913, 0.11351224780082703, 1.0643256902694702, -1.0222808122634888, 2.2367424964904785, 0.0, -0.38999998569488525, 0.47999998927116394, -0.6623125672340393, 0.30807608366012573, -0.5883525013923645, 0.3468034863471985, 0.000564016867429018, 0.09843486547470093, -0.17320343852043152, 0.9799544811248779, 0.04716457426548004, -0.43212640285491943, 0.5094558000564575, -0.04661716893315315, 0.1984567642211914, 0.95420902967453, -0.21892189979553223, 0.1903107464313507, 0.1350194215774536, 0.1328839212656021, -1.4480353593826294, -1.0950534343719482, 2.7535359859466553, 0.058970093727111816, -0.39956003427505493, 0.53362637758255, -0.12242862582206726, 0.26319602131843567, 0.9011284112930298, -0.32203516364097595, -0.15355868637561798, 0.395721971988678, 0.16512566804885864, -4.595846176147461, -3.7666730880737305, 1.1987791061401367, 0.07953284680843353, -0.39975598454475403, 0.5310631990432739, 0.047085240483284, -0.21095508337020874, 0.9546608924865723, -0.20470349490642548, -0.06943294405937195, 0.3792235553264618, 0.28245237469673157, -4.746063232421875, -1.627361536026001, -1.4532161951065063, 0.05202576518058777, -0.3631362318992615, 0.5493274927139282, -0.23164105415344238, 0.627659797668457, 0.7388637661933899, 0.08041006326675415, -0.016538184136152267, 0.4111778736114502, -0.24609968066215515, -15.678484916687012, -5.897129058837891, -8.647954940795898, -0.014695361256599426, -0.3940012454986572, 0.47640320658683777, 0.3793080449104309, -0.7727615833282471, 0.4613941013813019, 0.21466326713562012, 0.034654952585697174, 0.04421243444085121, -0.08092840760946274, 1.866215467453003, 1.403402328491211, -0.9326853156089783, 0.13786187767982483, -0.13178330659866333, -0.3878072202205658, -0.0025717311073094606, 0.0021964525803923607, 0.002569959033280611, 0.3132498562335968, -0.29668745398521423, -0.3519958555698395, 0.009494646452367306, -0.001910284161567688, -0.0033960193395614624, 0.3547877073287964, 0.9311223030090332, -0.25377213954925537, -0.009672422893345356, 0.001147409901022911, -0.0026425826363265514, 0.041234422475099564, 0.42894089221954346, -0.821314811706543, -0.024820661172270775, -0.0016246701125055552, 0.0028047009836882353, 0.17595869302749634, 0.6189898252487183, 0.021928254514932632, -0.0016516655450686812, 0.0006225398974493146, 0.002513054758310318, -1.0, -0.10066714882850647, -1.0, -0.16164131462574005, 0.16554395854473114, -0.6849135160446167, 1.0, -0.12804897129535675, 1.0, 1.0, -0.9950119853019714, 1.0, 1.0, 0.5558987259864807, 1.0, 1.0, -1.0, -1.0, -1.0, 1.0]
[-0.89020836353302, -0.13810114562511444, -0.13151849806308746, -0.3109268844127655, 0.0742652639746666, 0.038751669228076935, -0.7906612157821655, 0.6226356029510498, -0.26975736021995544, -0.2681056559085846, 0.18242958188056946, 0.6202862858772278, -0.9807416200637817, -0.8651418089866638, 0.49711403250694275, 0.6622030138969421, 0.49254661798477173, 0.3699766993522644, 0.31312790513038635, 0.8465746641159058, -0.8665802478790283, -0.22913603484630585, -0.8302554488182068, 0.9097680449485779, -0.13955627381801605, 0.09257190674543381, -0.4283977150917053, 0.02359636500477791, 0.20687954127788544, 0.08382344990968704, -0.13317127525806427, 0.8967435956001282, -0.06324171274900436, -0.01674504019320011, 0.5682331919670105, 0.7040992975234985, -0.023044755682349205, -0.005745414178818464, 0.4627431333065033, 0.2629455029964447, 0.4165708124637604, 1.1578110456466675, 1.4562064409255981, 0.36188122630119324, -0.16043509542942047, -0.3549433648586273, -0.20384688675403595, 0.1585921347141266, 1.205540657043457, -0.5293793082237244, 0.030565060675144196, -0.07848845422267914, -0.015697797760367393, 0.0007263682200573385, 0.008319003507494926, -0.06107866019010544, -0.028775546699762344, -0.010002102702856064, 0.02980838529765606, -0.10309496521949768, -0.042142104357481, -0.01498713344335556, -0.02499040588736534, -0.0041807470843195915, 0.014360714703798294, -0.01435895822942257, -0.01926589384675026, 0.0020424413960427046, -0.055706046521663666, -0.014543982222676277, 0.010180245153605938, 0.0023283520713448524, 0.026867637410759926, -0.41026487946510315, 0.5108557939529419, -0.658173143863678, 0.4064280688762665, -0.5569524168968201, 0.30237090587615967, 0.012896561995148659, -0.15499040484428406, 0.025807563215494156, 1.0164146423339844, -0.885699450969696, 1.9549568891525269, 0.0, -0.38999998569488525, 0.47999998927116394, -0.6623125672340393, 0.30807608366012573, -0.5883525013923645, 0.3468034863471985, 0.03954657167196274, 0.06615865230560303, -0.08166737109422684, 0.9936746954917908, 0.05053142458200455, -0.4300845265388489, 0.5113171935081482, -0.058443959802389145, 0.21230584383010864, 0.9454116225242615, -0.24022319912910461, 0.15029829740524292, 0.12705235183238983, 0.0696580559015274, -1.6217308044433594, -1.3115731477737427, 2.7897539138793945, 0.05735809728503227, -0.3945516347885132, 0.536445140838623, -0.13943080604076385, 0.29999154806137085, 0.8851507306098938, -0.3272188901901245, -0.14484818279743195, 0.3035535514354706, 0.09068122506141663, -3.4067225456237793, -3.028393268585205, 1.14667546749115, 0.07878348231315613, -0.39511892199516296, 0.5345107913017273, 0.04084356501698494, -0.17596691846847534, 0.9649327397346497, -0.19045224785804749, -0.0714266300201416, 0.3015236556529999, 0.18952752649784088, -3.767941951751709, -1.0200592279434204, -2.0530881881713867, 0.04993299022316933, -0.3573351204395294, 0.5491395592689514, -0.22785384953022003, 0.7222282290458679, 0.6397918462753296, 0.13090230524539948, 0.025598160922527313, 0.3034578561782837, -0.23703303933143616, -13.192784309387207, -4.829995155334473, -8.123696327209473, -0.014101198874413967, -0.3934479355812073, 0.47542649507522583, 0.3807300627231598, -0.7805653214454651, 0.4435582756996155, 0.22140085697174072, -0.0059183682315051556, 0.04936474934220314, -0.0824706107378006, 1.725955605506897, 1.2395621538162231, -1.1254386901855469, 0.25141188502311707, -0.08370403945446014, -0.41629934310913086, -0.0005291919806040823, -0.0006422903388738632, -0.0014431040035560727, 0.22496020793914795, 0.19521205127239227, -0.3791775703430176, -0.007073921617120504, -0.0003042868338525295, -0.0012151752598583698, 0.25998932123184204, 0.5815680027008057, -0.1890186071395874, -0.0062636141665279865, 0.0007178980740718544, -0.002423737198114395, -0.006284364499151707, 0.17300328612327576, -0.26441365480422974, -0.016670843586325645, -0.0004989070584997535, 0.00324476626701653, 0.12315313518047333, 0.2528592646121979, 0.035656094551086426, 0.00044791711843572557, 0.00035790246329270303, 0.0011071189073845744, -1.0, -0.10546228289604187, -1.0, -0.16358564794063568, 0.26847702264785767, -0.8553232550621033, 1.0, -0.32757991552352905, 1.0, 1.0, -1.0, 1.0, 1.0, 0.7511061429977417, 1.0, 1.0, -1.0, -1.0, -1.0, 1.0]
