1
[0.0, 0.0, 0.0, 0.0, 0.0, 0.0, 0.0, 0.0, 0.0, 0.0, 0.0, 0.0, 0.0, 0.0, 0.0, 0.0, 0.0, 0.0, 0.0, 0.0, 0.0, 0.0, 0.0, 0.0, 0.0, 0.0, 0.0, 0.0, 0.0, 0.0, 0.0, 0.0, 0.0, 0.0, 0.0, 0.0, 0.0, 0.0, 0.0, 0.0, 0.0, 0.0, 0.0, 0.0, 0.0, 0.0, 0.0, 0.0, 0.0, 0.0, 0.0, 0.0, 0.0, 0.0, 0.0, 0.0, 0.0, 0.0, 0.0, 0.0, 0.0, 0.0, 0.0, 0.0, 0.0, 0.0, 0.0, 0.0, 0.0, 0.0, 0.0, 0.0, 0.0, 0.0, 0.0, 0.0, 0.0, 0.0, 0.0, 0.0, 0.0, 0.0, 0.0, 0.0, 0.0, 0.0, 0.0, 0.0, 0.0, 0.0, 0.0, 0.0, 0.0, 0.0, 0.0, 0.0, 0.0, 0.0, 0.0, 0.0, 0.0, 0.0, 0.0, 0.0, 0.0, 0.0, 0.0, 0.0, 0.0, 0.0, 0.0, 0.0, 0.0, 0.0, 0.0, 0.0, 0.0, 0.0, 0.0, 0.0, 0.0, 0.0, 0.0, 0.0, 0.0, 0.0, 0.0, 0.0, 0.0, 0.0, 0.0, 0.0, 0.0, 0.0, 0.0, 0.0, 0.0, 0.0, 0.0, 0.0, 0.0, 0.0, 0.0, 0.0, 0.0, 0.0, 0.0, 0.0, 0.0, 0.0, 0.0, 0.0, 0.0, 0.0, 0.0, 0.0, 0.0, 0.0, 0.0, 0.0, 0.0, 0.0, 0.0, 0.0, 0.0, 0.0, 0.0, 0.0, 0.0, 0.0, 0.0, 0.0, 0.0, 0.0, 0.0, 0.0, 0.0, 0.0, 0.0, 0.0, 0.0, 0.0, 0.0, 0.0, 0.0, 0.0, 0.0, 0.0, 0.0, 0.0, 0.0, 0.0, 0.0, 0.0, 0.0, 0.0, 0.0, 0.0, 0.0, 0.0, 0.0, 0.0, 0.0, 0.0, 0.0, 0.0, 0.0, 0.0, 0.0, 0.0, 0.0]
[0.4874732196331024, 0.1987101286649704, 0.04292994737625122, -0.5380844473838806, -0.8883479237556458, -0.8656725287437439, 0.2573626935482025, -0.7305052876472473, -0.9612558484077454, -0.9531856775283813, 0.011962558142840862, -0.5665462017059326, -0.6580460667610168, -0.6769199967384338, -0.8575786352157593, 0.09105770289897919, -0.8597391247749329, -0.5335099697113037, -0.734362781047821, 0.11671801656484604, -0.7063130736351013, -0.07945124059915543, -0.07825219631195068, 0.8735641837120056, 0.15888620913028717, -0.8155571818351746, -0.5953788161277771, 1.9916114807128906, -0.15733875334262848, -0.04170582443475723, 0.37525084614753723, 2.1617772579193115, 0.4365314543247223, 0.09270725399255753, -0.2965896427631378, 1.3610519170761108, -0.4235905706882477, -0.09197800606489182, -0.08179283887147903, 0.05372169613838196, 1.6638128757476807, 1.8763569593429565, 0.9001380801200867, 1.485719084739685, 1.6570571660995483, 0.19611437618732452, -0.7774686217308044, 0.17194882035255432, 3.8734264373779297, -8.41146183013916, -0.029145389795303345, -0.017377957701683044, 0.024786945432424545, 0.015206996351480484, 0.2655881345272064, 0.06386735290288925, 0.0990128368139267, 0.051290132105350494, 0.030579252168536186, -0.21282732486724854, -0.07504286617040634, -0.024493327364325523, -0.7678589224815369, 0.18589773774147034, -0.10914333164691925, 0.15092450380325317, 0.125162273645401, 0.1848491132259369, 0.2593606114387512, 0.19145840406417847, -0.08178281784057617, -0.029028214514255524, 0.0028604064136743546, -0.3925095796585083, 0.5310215353965759, 0.08934571593999863, 0.618681013584137, -0.7745217084884644, 0.0967845469713211, -0.015315871685743332, -0.05778401345014572, -0.10108227282762527, 0.15528713166713715, -0.072088323533535, 0.03161550685763359, 0.0, -0.38999998569488525, 0.47999998927116394, -0.22206895053386688, -0.6671021580696106, 0.6765443682670593, 0.2189696580171585, 0.13917680084705353, 0.08848664909601212, -0.31286290287971497, -0.9353698492050171, -0.02986641600728035, -0.4498696029186249, 0.5189975500106812, 0.0014028354780748487, -0.48000094294548035, 0.8772623538970947, -0.002770867431536317, 0.07262419164180756, 0.19931423664093018, 0.0378747284412384, -4.88844108581543, 0.19001124799251556, 2.1771881580352783, -0.012865635566413403, -0.4570862054824829, 0.507689356803894, -0.020948100835084915, -0.5962364077568054, 0.8020753264427185, 0.02717185951769352, -0.3157854974269867, 0.1535187065601349, 0.24758219718933105, -9.354543685913086, 0.8368453979492188, -2.7032113075256348, 0.0147927301004529, -0.447241872549057, 0.5214473009109497, 0.0028700486291199923, -0.34030279517173767, 0.9402773976325989, -0.00800884235650301, -0.049522992223501205, 0.031119810417294502, -0.25817635655403137, -0.15140604972839355, 0.08208385109901428, 0.6874513030052185, 0.03500013425946236, -0.4433259665966034, 0.5126810073852539, -0.023465389385819435, -0.4082866609096527, 0.9125358462333679, -0.005440584849566221, -0.2163255512714386, 0.2933559715747833, 0.31546011567115784, -17.859619140625, 0.5101962089538574, -2.1604068279266357, -0.07835409045219421, -0.37111905217170715, 0.5117844343185425, -0.150583878159523, -0.6330856680870056, 0.7077005505561829, 0.2751123607158661, 0.21942788362503052, -0.14983755350112915, 0.3317735493183136, 3.0026824474334717, 12.0341215133667, 2.7582035064697266, -0.12507012486457825, -0.017486386001110077, -0.6576724052429199, 0.01494470052421093, -0.006642877124249935, 0.00263364240527153, 1.388683557510376, -0.8942303657531738, -0.22721640765666962, 0.0378766730427742, 0.010630760341882706, -0.0034441854804754257, 0.19955633580684662, 1.160386085510254, -1.1059802770614624, -0.007087537087500095, -0.0025201220996677876, 0.0021394570358097553, 0.9476825594902039, -1.8580517768859863, -0.19073721766471863, 0.097291499376297, 0.004089526832103729, -0.004633805248886347, -1.0314239263534546, -1.878125786781311, 0.2644338309764862, 0.018007095903158188, -0.012525437399744987, -0.04165839031338692, 1.0, -0.8042352795600891, -1.0, 1.0, -1.0, 1.0, 1.0, -0.6114445328712463, -0.5308811664581299, 0.42786961793899536, -1.0, -1.0, 0.2452772557735443, 0.4588190019130707, 1.0, 1.0, 1.0, 0.6010756492614746, -1.0, 1.0]
[0.5364988446235657, 0.054996658116579056, 0.047347478568553925, -0.3190091550350189, -0.760491669178009, -0.8484309911727905, 0.359770268201828, -0.5142906308174133, -0.8819351196289062, -0.93406081199646, -0.10455119609832764, -0.4032861292362213, -0.7073795199394226, -0.690710186958313, -0.8775999546051025, 0.1509803980588913, -0.6237471103668213, -0.3110222816467285, -0.5462726354598999, 0.15957261621952057, -0.459118127822876, 0.00817902572453022, -0.15025979280471802, 0.8924676775932312, 0.20326344668865204, -1.1273068189620972, 0.3589549660682678, 2.0447895526885986, 2.0088727474212646, 0.41007542610168457, 0.44521042704582214, 1.9000580310821533, 0.884392261505127, 0.2518647313117981, -0.5762137770652771, 1.5767848491668701, -0.4715321660041809, -0.14883260428905487, -0.09324462711811066, 0.352172315120697, 2.4587221145629883, 2.1560137271881104, 2.3726282119750977, 0.02557976543903351, 1.8312561511993408, 0.2239459604024887, -0.2776470482349396, 0.17363719642162323, 1.5374782085418701, -2.5247907638549805, 0.2892753481864929, -0.20726926624774933, 0.1423594057559967, 0.08732866495847702, 0.074611596763134, -0.31423503160476685, -0.09471668303012848, -0.024958550930023193, -0.032549358904361725, -0.15790201723575592, -0.051979728043079376, -0.017067043110728264, -0.135694220662117, 0.16048800945281982, 0.040593378245830536, 0.02339901216328144, 0.05394979566335678, -0.18545663356781006, -0.09058494120836258, -0.044001005589962006, 0.12797212600708008, 0.04011042043566704, 0.002534783910959959, -0.3940861225128174, 0.5280037522315979, 0.08924716711044312, 0.6290190815925598, -0.7663565278053284, 0.09522391110658646, -0.01954157091677189, -0.11150875687599182, -0.208901509642601, 0.36963197588920593, 0.1011233851313591, 0.00949900969862938, 0.0, -0.38999998569488525, 0.47999998927116394, -0.22206895053386688, -0.6671021580696106, 0.6765443682670593, 0.2189696580171585, 0.1263674646615982, 0.09145581722259521, -0.31238067150115967, -0.9370620846748352, -0.0328587181866169, -0.4450850486755371, 0.5184325575828552, -0.0015392894856631756, -0.3896646201610565, 0.9209409952163696, 0.005163582507520914, -0.3331679403781891, 0.5332671999931335, 0.14082945883274078, -16.68342399597168, 0.08253796398639679, -2.8009767532348633, -0.017871759831905365, -0.4542110562324524, 0.5064306259155273, -0.02780214324593544, -0.5287838578224182, 0.8466424942016602, 0.05301893129944801, -0.33525705337524414, 0.27645841240882874, -0.06854185461997986, -9.44521427154541, 1.983456015586853, -3.1201930046081543, 0.014261909760534763, -0.4463879466056824, 0.5152360200881958, 0.006010871380567551, -0.34336063265800476, 0.9389660954475403, -0.020248055458068848, -0.01635337807238102, 0.056098416447639465, -0.451721727848053, 0.8600519895553589, -0.33822792768478394, 1.853785514831543, 0.03059050440788269, -0.43876051902770996, 0.5143898725509644, -0.023242777213454247, -0.20993991196155548, 0.9772301912307739, 0.020151564851403236, -0.2947823405265808, 0.7665907740592957, 0.2725151777267456, -28.91377067565918, 2.00242018699646, -4.076643943786621, -0.07561959326267242, -0.37264230847358704, 0.5151606798171997, -0.08543974906206131, -0.6140410304069519, 0.721007227897644, 0.30951905250549316, 0.21540552377700806, -0.08125191926956177, 0.22323977947235107, -1.2178988456726074, 7.118795871734619, 1.862626075744629, 1.5827186107635498, -1.4350669384002686, -0.3227006793022156, 0.065802663564682, 0.015567678958177567, -0.012479305267333984, 0.22759383916854858, 1.4376535415649414, -0.29502448439598083, -0.003393748542293906, 0.001146044465713203, -0.0011287444503977895, -0.12643994390964508, 0.7459583282470703, -0.5603536367416382, -0.0058776699006557465, -0.0021256697364151478, 0.0028517423197627068, 0.5974799990653992, -0.6935027837753296, -0.16414210200309753, 0.04354725778102875, 0.003704728791490197, -0.005332611501216888, 1.5641833543777466, 0.7494117021560669, -0.11088009923696518, -0.0009086187346838415, 0.015083489939570427, 0.02382337860763073, 1.0, -1.0, 1.0, 0.9402148723602295, 1.0, 1.0, 0.5445621609687805, -0.2952563464641571, -1.0, 0.5574243664741516, -1.0, -1.0, 0.7750765681266785, 1.0, 1.0, -0.031208528205752373, 0.9667684435844421, 0.4987657964229584, -0.2602704167366028, 1.0]
[0.5956734418869019, -0.10616897791624069, 0.16600564122200012, -0.10955030471086502, -0.5123624205589294, -0.753484308719635, 0.4631613790988922, -0.29671603441238403, -0.7503775954246521, -0.8985838294029236, -0.2463790774345398, -0.25786706805229187, -0.6940126419067383, -0.6976915597915649, -0.8906855583190918, 0.18518970906734467, -0.3657347559928894, -0.09212730824947357, -0.27565672993659973, 0.12875811755657196, -0.21761885285377502, -0.004907151684165001, -0.16049432754516602, 0.9095821380615234, 0.2296067774295807, -1.1347498893737793, 0.5560261607170105, 1.877817153930664, 2.4459378719329834, 1.6381597518920898, 0.4126964211463928, 2.0772407054901123, 1.3929100036621094, 0.4114285111427307, -0.5866581797599792, 1.214494228363037, 0.43185630440711975, 0.03901911526918411, -0.056789010763168335, 0.021463705226778984, 2.3412821292877197, 1.950927734375, 2.536449909210205, -0.5932459235191345, 1.67327082157135, -0.1693144291639328, 0.050021857023239136, 0.1504831463098526, 0.5573128461837769, 0.8755265474319458, 0.08235608041286469, -0.04598524048924446, -0.012624215334653854, 0.06180329620838165, 0.031602174043655396, 0.03689664974808693, 0.04150073230266571, 0.022700268775224686, -0.0066350847482681274, -0.11802509427070618, 0.007822309620678425, 0.014507896266877651, 0.19789057970046997, -0.029786299914121628, 0.018506035208702087, -0.046376049518585205, -0.026889726519584656, -0.11089567095041275, -0.10588718950748444, -0.1115712821483612, 0.08987157791852951, 0.028922688215970993, 0.0017729329410940409, -0.3960319757461548, 0.5234619975090027, 0.0918164998292923, 0.6442861557006836, -0.7534074187278748, 0.09403372555971146, -0.08590971678495407, -0.0991283655166626, -0.2656712532043457, 0.46759605407714844, -0.2534814774990082, -0.02245682291686535, 0.0, -0.38999998569488525, 0.47999998927116394, -0.22206895053386688, -0.6671021580696106, 0.6765443682670593, 0.2189696580171585, 0.10769854485988617, 0.09861870110034943, -0.3104163408279419, -0.9393174052238464, -0.03800181299448013, -0.43714842200279236, 0.5168099999427795, -0.0033086834009736776, -0.22892913222312927, 0.9728025197982788, 0.03515150770545006, -0.28866055607795715, 0.8654865026473999, 0.037812937051057816, -24.079710006713867, 2.287787914276123, -3.660763740539551, -0.022595657035708427, -0.44921746850013733, 0.5042334794998169, -0.02570757083594799, -0.4379347860813141, 0.8947824239730835, 0.08316529542207718, -0.24816906452178955, 0.49765142798423767, 0.06168625131249428, -13.447343826293945, 3.5846915245056152, -2.6864047050476074, 0.013264989480376244, -0.44464394450187683, 0.5075986385345459, 0.005194385536015034, -0.33206525444984436, 0.9425432682037354, -0.03630047291517258, -0.07918298244476318, 0.16503624618053436, -0.4351276755332947, -2.737549304962158, -1.1564303636550903, 1.6424024105072021, 0.026998324319720268, -0.43149781227111816, 0.5144205689430237, -0.011413579806685448, 0.03273133933544159, 0.9985363483428955, 0.04151402413845062, -0.10354579240083694, 0.9218794107437134, -0.10126785188913345, -28.17108917236328, 3.1195271015167236, -2.0500283241271973, -0.07443536072969437, -0.3725517988204956, 0.5169228315353394, -0.06175696849822998, -0.5909271836280823, 0.7339473366737366, 0.32910844683647156, 0.03764323517680168, 0.05787971615791321, 0.11074482649564743, -2.044358015060425, 2.8740451335906982, -0.45102399587631226, 0.17155326902866364, -0.591087281703949, -0.025830205529928207, 0.05293698608875275, 0.001422394416294992, -0.002366406610235572, -0.10005196928977966, -0.577687680721283, 0.08801563829183578, 0.014034954831004143, -0.0011093163629993796, 0.001062383409589529, 0.0360892117023468, -0.05474558100104332, -0.066475510597229, 0.013686710968613625, 0.0002449258463457227, -0.0004804123018402606, -0.40494754910469055, 0.6746976971626282, -0.32134324312210083, -0.01676926203072071, -0.000865601992700249, 0.006960208993405104, 1.1496927738189697, 1.2742009162902832, -0.08738070726394653, -0.011685644276440144, 0.010527607053518295, 0.012804249301552773, 1.0, -1.0, 1.0, 1.0, 1.0, 1.0, 1.0, 0.16834035515785217, -1.0, 0.4431059658527374, -0.26297008991241455, -1.0, 0.055604781955480576, 1.0, 1.0, -0.22955597937107086, 1.0, -0.697945237159729, -0.013795442879199982, 1.0]
[0.63172847032547, -0.23556020855903625, 0.28936323523521423, 0.02578752674162388, -0.26119089126586914, -0.4991953670978546, 0.5590348243713379, -0.09881289303302765, -0.5931043028831482, -0.8103177547454834, -0.3734857141971588, -0.13112248480319977, -0.6443665623664856, -0.6866779923439026, -0.9054986834526062, 0.14049556851387024, -0.1367194801568985, 0.097601979970932, -0.029301734641194344, 0.08185852319002151, -0.03682825714349747, -0.11627550423145294, -0.16970272362232208, 0.9247041940689087, 0.06266924738883972, -0.7683067917823792, 0.47156453132629395, 0.9199767112731934, 2.249277353286743, 2.7906274795532227, 0.3762056827545166, 1.7062305212020874, 1.4894518852233887, 1.3167459964752197, -0.47976118326187134, 1.1742554903030396, 0.4853096902370453, 0.14139433205127716, -0.08061673492193222, -0.2989639341831207, 1.9961576461791992, 1.6474031209945679, 2.1111769676208496, -0.5693584084510803, 1.0937966108322144, -0.3323849141597748, -0.1122949868440628, 0.13357019424438477, -4.171756267547607, 4.7198004722595215, -0.08809515088796616, -0.02234785258769989, -0.08188322931528091, -0.011152805760502815, -0.10295682400465012, 0.13451595604419708, 0.028056785464286804, 0.04600448161363602, -0.11888391524553299, 0.22335991263389587, 0.07599771022796631, 0.02624323219060898, 0.35026121139526367, -0.14706701040267944, 0.16096755862236023, -0.017915993928909302, -0.03605160117149353, 0.004676501266658306, -0.029970917850732803, -0.04785271733999252, -0.0495489165186882, -0.01598978415131569, -0.00019714795053005219, -0.3978065550327301, 0.5180802941322327, 0.11321620643138885, 0.6595247983932495, -0.735638439655304, 0.10509571433067322, -0.11972178518772125, -0.10125133395195007, -0.34663695096969604, 0.6256015300750732, -0.7651747465133667, -0.052011121064424515, 0.0, -0.38999998569488525, 0.47999998927116394, -0.22206895053386688, -0.6671021580696106, 0.6765443682670593, 0.2189696580171585, 0.09267760813236237, 0.12775886058807373, -0.30311763286590576, -0.9397915601730347, -0.04081270098686218, -0.4295574128627777, 0.5137569308280945, 0.01111950445920229, -0.017928604036569595, 0.9978993535041809, 0.06125138700008392, -0.0008194809779524803, 0.8023408651351929, -0.18670761585235596, -25.712125778198242, 4.2176666259765625, -1.871820330619812, -0.024652468040585518, -0.4426187574863434, 0.5040287375450134, -0.011072584427893162, -0.3123036026954651, 0.9436964392662048, 0.1085396409034729, 0.03576882183551788, 0.6357648968696594, 0.21710506081581116, -18.17535400390625, 5.1570963859558105, -1.090809941291809, 0.012911153957247734, -0.44172415137290955, 0.5026528835296631, 0.00025211137835867703, -0.2983182668685913, 0.952966034412384, -0.05349575728178024, 0.01519246120005846, 0.2732264995574951, -0.13564999401569366, -5.13023567199707, -1.6184691190719604, 1.7293270826339722, 0.026561230421066284, -0.4230490028858185, 0.5140311121940613, 0.0008612758247181773, 0.2512206733226776, 0.9670774936676025, 0.04060046747326851, 0.09482890367507935, 0.8597783446311951, -0.20855775475502014, -24.645397186279297, 2.293123245239258, 0.7333139181137085, -0.07389349490404129, -0.37205809354782104, 0.5172919034957886, -0.057479992508888245, -0.5788888931274414, 0.7405271530151367, 0.3364565670490265, 0.050250470638275146, 0.02245280332863331, 0.016033370047807693, -0.8873497843742371, 0.5715988874435425, 0.06992918998003006, -0.9294437170028687, 0.8644430637359619, 0.41661834716796875, 0.0018138402374461293, -0.0005576410912908614, 0.0076557546854019165, -0.9571084976196289, -0.9723010659217834, 0.7229433059692383, 0.031419962644577026, -0.0029846318066120148, 0.005831574555486441, -0.7695401310920715, -1.0283491611480713, 0.999818742275238, 0.01081799529492855, -0.0022300328128039837, 0.00015703437384217978, -1.0248770713806152, 0.7620012164115906, 0.4647086262702942, -0.02462158165872097, 0.004145983140915632, 0.010226774960756302, -0.7212585806846619, 0.43529513478279114, 0.1202765554189682, -0.008006731979548931, -0.004449645988643169, 0.0069169881753623486, 0.34042835235595703, -0.6527028679847717, 0.8463473320007324, 0.399767130613327, 1.0, 1.0, 0.8909545540809631, 0.30096063017845154, -1.0, 0.6120347380638123, -0.3319550156593323, -1.0, -0.43831536173820496, 1.0, 1.0, -0.16899843513965607, 0.6646873354911804, -1.0, -0.32084211707115173, 1.0]
[0.6178305745124817, -0.2772703170776367, 0.36071550846099854, 0.032018810510635376, -0.040509987622499466, -0.209695965051651, 0.6418864130973816, -0.010935308411717415, -0.4749046862125397, -0.649978756904602, -0.47547250986099243, -0.0043449546210467815, -0.5938880443572998, -0.6710401177406311, -0.9304672479629517, 0.030194150283932686, 0.054229602217674255, 0.2334747016429901, 0.16275908052921295, 0.07230939716100693, 0.04598278924822807, -0.23242783546447754, -0.17318464815616608, 0.8533084392547607, -0.1392928510904312, 0.009000018239021301, 0.1928810328245163, -0.4016605317592621, 1.9166349172592163, 2.5466768741607666, 0.31488141417503357, 0.33895909786224365, 0.8746883273124695, 1.444559097290039, -0.3876320719718933, 1.1923030614852905, 0.46408963203430176, 0.15078891813755035, -0.12151243537664413, -0.5373993515968323, 1.6451313495635986, 1.0474506616592407, 1.5115383863449097, 0.12413182109594345, 0.33092814683914185, -0.2639164626598358, 0.019118284806609154, -1.0715582370758057, -5.08231258392334, 9.322782516479492, -0.12063983827829361, 0.12182982265949249, -0.07305768132209778, -0.0574190728366375, -0.11154749989509583, 0.13462841510772705, -0.05625735595822334, -0.04181915894150734, -0.1470690816640854, 0.47887301445007324, 0.15007749199867249, 0.045849137008190155, 0.6412087678909302, -0.1250438094139099, 0.32535529136657715, -0.012575663626194, -0.050163619220256805, 0.049864333122968674, 0.15283408761024475, 0.07228876650333405, -0.04292536899447441, -0.04174697399139404, -0.002126369159668684, -0.3992077708244324, 0.5107904076576233, 0.14838731288909912, 0.6784977316856384, -0.7085168957710266, 0.1250031441450119, -0.11342014372348785, -0.07507830113172531, -0.46435075998306274, 0.8740648627281189, -1.0870345830917358, -0.10128959268331528, 0.0, -0.38999998569488525, 0.47999998927116394, -0.22206895053386688, -0.6671021580696106, 0.6765443682670593, 0.2189696580171585, 0.07387098670005798, 0.1750113070011139, -0.29139766097068787, -0.9375507235527039, -0.04028712585568428, -0.4259410500526428, 0.5120652914047241, 0.02858681231737137, 0.1711559146642685, 0.9825745820999146, 0.06660041958093643, 0.15793076157569885, 0.4008930027484894, -0.13741059601306915, -20.1153507232666, 3.259676456451416, 0.49994921684265137, -0.023814449086785316, -0.4384649991989136, 0.5057349801063538, 0.007239896338433027, -0.1855824738740921, 0.9751148223876953, 0.12106917798519135, 0.16921871900558472, 0.34101349115371704, 0.23100879788398743, -12.915253639221191, 3.6181676387786865, 0.019078314304351807, 0.014552942477166653, -0.4373745024204254, 0.5054720044136047, -0.004739216063171625, -0.23703083395957947, 0.9687251448631287, -0.07324947416782379, 0.14559867978096008, 0.4182203710079193, 0.4533671438694, -8.998038291931152, -1.779447317123413, 2.149745464324951, 0.029306793585419655, -0.41416919231414795, 0.517065703868866, -0.0009106683428399265, 0.4286234378814697, 0.9032559394836426, 0.020240798592567444, 0.19360260665416718, 0.7417605519294739, 0.042268868535757065, -20.775022506713867, 0.5495954751968384, 3.0454506874084473, -0.07238289713859558, -0.37249520421028137, 0.5177682638168335, -0.029450926929712296, -0.586613655090332, 0.7437320351600647, 0.31918588280677795, 0.21161943674087524, -0.10470578074455261, 0.03543561324477196, 2.482028007507324, 1.203787922859192, 5.593105316162109, -0.9149801135063171, 1.809144139289856, 1.235987663269043, -0.03028191439807415, 0.0055287182331085205, 0.009870409965515137, -0.840268075466156, 0.7768625617027283, 1.564051866531372, -0.030166219919919968, 0.0009930816013365984, 0.0077535416930913925, -1.082905650138855, -1.8777992725372314, 2.3312454223632812, 0.01768215000629425, -0.004853975027799606, 0.001298487652093172, -0.9084601402282715, 1.7467957735061646, 1.4373602867126465, -0.023961680009961128, 0.007130871061235666, 0.006368251051753759, -1.1686371564865112, -1.0994060039520264, 0.3276475965976715, 0.00110065343324095, -0.023048782721161842, 0.0013912678696215153, -0.033612243831157684, 0.1975739747285843, 0.47092923521995544, -0.4483940303325653, 1.0, 1.0, -0.04743015021085739, -0.08734943717718124, -1.0, 0.7831529974937439, -0.30161094665527344, -0.9670918583869934, -0.8231015801429749, 1.0, 0.7347877025604248, 0.22862805426120758, 0.157626673579216, -0.7591754198074341, -0.14617463946342468, -0.0004612896591424942]
[0.57760089635849, -0.21022899448871613, 0.33353495597839355, -0.056376129388809204, 0.14003191888332367, 0.028455128893256187, 0.6145861148834229, -0.06559637188911438, -0.42507848143577576, -0.5377838611602783, -0.5490759015083313, 0.1297619342803955, -0.5791725516319275, -0.6606892347335815, -0.9338624477386475, -0.07920145988464355, 0.21423806250095367, 0.20301540195941925, 0.24986495077610016, 0.10268262773752213, 0.06463484466075897, -0.3195020854473114, -0.14036734402179718, 0.6961147785186768, -0.14632590115070343, 0.772842288017273, -0.27509042620658875, -1.0349860191345215, 1.5293644666671753, 1.9807480573654175, -0.3123045861721039, -1.007182002067566, 0.2192309945821762, 0.6537485122680664, -0.25756099820137024, 1.279608130455017, -0.029732663184404373, 0.03786393254995346, 0.061421263962984085, -0.40181609988212585, 1.3888267278671265, -1.0903326272964478, 0.13922439515590668, 0.5047255754470825, 0.03945868834853172, -0.1846044510602951, 0.2944645881652832, -1.6471691131591797, 0.5250418186187744, 9.378541946411133, -0.03266531601548195, 0.29868441820144653, -0.01051909476518631, -0.04296695441007614, -0.03640342503786087, 0.08469858765602112, -0.08247020840644836, -0.07543528079986572, 0.005196894519031048, 0.4844553470611572, 0.11785731464624405, 0.0270828939974308, 0.8337699174880981, 0.01810441166162491, 0.29141032695770264, -0.1824864000082016, -0.14747923612594604, -0.14469532668590546, 0.30306074023246765, 0.16120082139968872, 0.11124222725629807, 0.024543853476643562, -0.002823907881975174, -0.4000411927700043, 0.50286465883255, 0.09192179143428802, 0.7160082459449768, -0.6901717185974121, 0.050453633069992065, 0.16603633761405945, -0.036850009113550186, -0.2876916229724884, 1.142353892326355, 11.463393211364746, 0.27676883339881897, 0.0, -0.38999998569488525, 0.47999998927116394, -0.22206895053386688, -0.6671021580696106, 0.6765443682670593, 0.2189696580171585, 0.007335973903536797, 0.0993652418255806, -0.2829427123069763, -0.9539475440979004, -0.03787654638290405, -0.42533597350120544, 0.515168309211731, 0.03161167725920677, 0.3160509467124939, 0.9467368721961975, 0.05293123796582222, 0.14695464074611664, 0.20338360965251923, 0.17637594044208527, -16.149322509765625, 1.1954460144042969, 2.4030873775482178, -0.02142227254807949, -0.4391084909439087, 0.5099081993103027, 0.010620581917464733, -0.1246999129652977, 0.9860213398933411, 0.10999471694231033, 0.14075061678886414, -0.09438599646091461, 0.3248496949672699, -3.2314305305480957, -0.5566792488098145, 2.1793553829193115, 0.0168027151376009, -0.43132284283638, 0.5169698596000671, -0.007392317987978458, -0.15637733042240143, 0.9833844304084778, -0.09190478175878525, 0.0933251604437828, 0.5574483275413513, 0.9163121581077576, -10.19074821472168, -1.4384078979492188, 1.6918799877166748, 0.03212037682533264, -0.4065665006637573, 0.5261468291282654, -0.015329735353589058, 0.5207760334014893, 0.85355544090271, 0.0004693207156378776, 0.0748463049530983, 0.4365125596523285, 0.5969297289848328, -6.274807929992676, -0.9145492911338806, 2.530332088470459, -0.07029761373996735, -0.37268689274787903, 0.5210184454917908, 0.01977854035794735, -0.5955166220664978, 0.7501533031463623, 0.28677311539649963, 0.22698277235031128, -0.016957437619566917, 0.2777215838432312, 1.502372145652771, 2.093919038772583, 6.942223072052002, 0.10779411345720291, 1.6216398477554321, 1.777909755706787, -0.018642354756593704, 0.007604239042848349, 0.0040490152314305305, 0.038523633033037186, 1.608539342880249, 1.5066354274749756, -0.05130719766020775, 0.004376638680696487, 0.00929593201726675, 0.0002242863702122122, -1.3723284006118774, 2.4756765365600586, 0.0064979661256074905, -0.0028938890900462866, -0.004152687732130289, 0.2741127014160156, 4.0284576416015625, 0.319122314453125, -0.0870523676276207, -0.002601377200335264, -0.004136061295866966, 1.3851840496063232, -2.191776990890503, 0.031264446675777435, 0.011222968809306622, 0.0023809042759239674, 0.0025947161484509706, 0.2692841589450836, 1.0, -0.23286166787147522, -0.7713788151741028, 0.9565969705581665, -0.17380169034004211, -0.835608720779419, -0.4078705608844757, -0.8409683704376221, 0.9685230851173401, -0.6655987501144409, -0.6196377873420715, -0.5600733160972595, 1.0, -1.0, 0.3655068874359131, 0.08509130775928497, -0.6116472482681274, 0.2085181474685669, -0.38699907064437866]
[0.525696337223053, -0.07797050476074219, 0.24850121140480042, -0.17261596024036407, 0.2045871913433075, 0.18361569941043854, 0.5535145401954651, -0.14648772776126862, -0.3981000483036041, -0.5009047389030457, -0.5628533363342285, 0.2017713189125061, -0.6089259386062622, -0.6635567545890808, -0.8982243537902832, -0.07236170023679733, 0.3160780072212219, 0.048085812479257584, 0.2246755212545395, 0.14593225717544556, 0.008929478004574776, -0.40442579984664917, -0.08814451843500137, 0.5364546179771423, -0.22830592095851898, 1.0565838813781738, -0.3896177113056183, -1.1014493703842163, 0.09728884696960449, 0.8460489511489868, -0.23343849182128906, -0.5740243792533875, 0.272961288690567, 0.21162307262420654, 0.06478944420814514, 0.38252556324005127, -0.4113782048225403, -0.08777552098035812, 0.22215135395526886, 0.25546857714653015, 0.7011324763298035, -1.6099843978881836, -0.43694835901260376, 0.5462450385093689, -0.6452022194862366, -0.23058919608592987, 0.3359806537628174, -1.3825199604034424, -1.239032506942749, 3.5869908332824707, -0.029238682240247726, 0.16050130128860474, -0.07283147424459457, -0.09179235994815826, -0.019370149821043015, 0.3618102967739105, 0.13097280263900757, 0.03404313698410988, 0.02385600470006466, 0.01072631124407053, -0.04148498922586441, -0.02449674718081951, 0.3209899365901947, 0.043457359075546265, -0.02837093360722065, -0.06685667484998703, -0.041316233575344086, -0.05704162269830704, -0.07962386310100555, -0.05805036053061485, 0.024471618235111237, 0.019430166110396385, -0.00041377649176865816, -0.39978185296058655, 0.5083264112472534, 0.009522764012217522, 0.7145988941192627, -0.6994535326957703, -0.0047308579087257385, 0.08920873701572418, 0.09755151718854904, 0.5852233171463013, -0.6532212495803833, -1.3218671083450317, 0.7282883524894714, 0.0, -0.38999998569488525, 0.47999998927116394, -0.22206895053386688, -0.6671021580696106, 0.6765443682670593, 0.2189696580171585, -0.015816258266568184, 0.004435120616108179, -0.3022960126399994, -0.9530724883079529, -0.03448425233364105, -0.4267530143260956, 0.5220924615859985, 0.02097434550523758, 0.39111509919166565, 0.9195224046707153, 0.032675135880708694, 0.19848769903182983, -0.07709722220897675, 0.43154674768447876, -4.505608558654785, -0.5391552448272705, 3.017129421234131, -0.018073536455631256, -0.4399368166923523, 0.5185360908508301, 0.0059796893037855625, -0.0925605446100235, 0.9914543032646179, 0.09173399209976196, 0.24449943006038666, 0.0907055214047432, 0.6730355024337769, -4.839349269866943, -0.29205238819122314, 2.2876474857330322, 0.019244307652115822, -0.42600274085998535, 0.5301802754402161, -0.0042069475166499615, -0.10240201652050018, 0.9894406795501709, -0.1024850383400917, 0.17056484520435333, 0.35642683506011963, 0.7881274819374084, -4.70719051361084, 0.13159748911857605, 0.8578415513038635, 0.033645763993263245, -0.4007345736026764, 0.5384055972099304, -0.02299722284078598, 0.5312626957893372, 0.8468893766403198, -0.0030794586054980755, 0.07604275643825531, 0.3301393985748291, 0.7666271924972534, 0.8451796770095825, -0.5210461616516113, -0.03842514753341675, -0.06918030232191086, -0.3723289370536804, 0.5246344804763794, 0.05682356655597687, -0.6051614284515381, 0.7525898218154907, 0.25329676270484924, 0.11455008387565613, -0.00035154359648004174, 0.15656237304210663, 2.085594415664673, -0.26859092712402344, 4.9120402336120605, -0.21170282363891602, 1.9705318212509155, 0.37561506032943726, -0.062234386801719666, 0.0028165241237729788, 0.0013886449160054326, -0.13900765776634216, -1.3301606178283691, 1.6323151588439941, 0.01409072894603014, 0.0012826398015022278, 0.0010430767433717847, -0.034043267369270325, 0.6199602484703064, 0.5691259503364563, -0.015197345055639744, -0.0013493072474375367, -0.007773633114993572, -0.05804561823606491, 1.193366527557373, -0.24429205060005188, -0.023415738716721535, -0.009968058206140995, -0.004493601154536009, 0.5702670216560364, 0.6107140183448792, 0.03088236041367054, -0.006006991025060415, 0.010305898264050484, 0.00759930768981576, 0.06301511079072952, 1.0, -0.3366384208202362, -0.8552801012992859, -0.004478119313716888, 0.14899036288261414, -0.36113807559013367, -0.21334797143936157, -0.22902962565422058, 0.3748249411582947, -0.9298464059829712, -0.5349316000938416, 0.5401809811592102, 0.6100199222564697, -1.0, 0.3923228085041046, -0.6658288836479187, -1.0, 0.23181456327438354, -0.24539948999881744]
[0.4214079678058624, 0.005864303559064865, 0.16606895625591278, -0.22856707870960236, 0.21064972877502441, 0.21946270763874054, 0.5246278047561646, -0.18543198704719543, -0.3866027593612671, -0.48248425126075745, -0.5880052447319031, 0.23186449706554413, -0.5674867033958435, -0.6625909805297852, -0.8644998073577881, -0.03096153773367405, 0.40834978222846985, -0.054019566625356674, 0.18159346282482147, 0.20897507667541504, -0.01433867309242487, -0.3901790976524353, 0.030171779915690422, 0.4865657389163971, -0.5124524235725403, 0.2722855508327484, 0.00021852552890777588, -0.2454346865415573, 0.03982787951827049, 0.10553105175495148, -0.1631108671426773, -0.19474102556705475, 0.014789268374443054, 0.1152668371796608, -0.19625476002693176, 0.2259570211172104, 0.8005424737930298, 0.14761310815811157, 0.10674983263015747, 0.12244061380624771, 0.9396831393241882, -0.5843885540962219, -0.30766943097114563, 0.8967973589897156, 0.09945067018270493, 0.18287162482738495, 0.93439120054245, 0.0195256806910038, -6.670548439025879, -10.28946304321289, 0.07256878912448883, -0.32883182168006897, -0.021264785900712013, -0.001329914666712284, -0.2576586902141571, -0.3884445130825043, -0.10600098967552185, -0.03144604712724686, -0.148443803191185, -0.5656126737594604, -0.1011044904589653, -0.010527942329645157, -0.9464746713638306, -0.07858417928218842, -0.29936954379081726, 0.04176520183682442, 0.0438111238181591, 0.39360031485557556, -0.08860756456851959, 0.022058729082345963, -0.2094559222459793, -0.020271874964237213, 0.0027306214906275272, -0.3990078866481781, 0.5153948068618774, 0.08573479950428009, 0.6917171478271484, -0.7053670883178711, 0.12897327542304993, 0.27095767855644226, 0.03697308525443077, 0.33230364322662354, -0.3208373486995697, -6.342738628387451, 1.151142954826355, 0.0, -0.38999998569488525, 0.47999998927116394, -0.22206895053386688, -0.6671021580696106, 0.6765443682670593, 0.2189696580171585, 0.04998883232474327, 0.1388666331768036, -0.3381251394748688, -0.9294559359550476, -0.027969831600785255, -0.4280284345149994, 0.5270285606384277, 0.00587769690901041, 0.40916845202445984, 0.9124204516410828, 0.005965227726846933, 0.411886066198349, -0.05848701670765877, 0.12545469403266907, -0.8553847670555115, -0.009421203285455704, 2.568690299987793, -0.011836801655590534, -0.44006770849227905, 0.524495542049408, 0.004169118124991655, -0.07138831168413162, 0.9949437975883484, 0.07052045315504074, 0.5039695501327515, -0.01191193051636219, 0.15498539805412292, -1.0362837314605713, -0.21418973803520203, 3.3693432807922363, 0.024472778663039207, -0.4210101068019867, 0.538139820098877, -0.00421428307890892, -0.04952605813741684, 0.9911468029022217, -0.12311521917581558, 0.395584374666214, 0.4027740955352783, 0.26650306582450867, -7.06859016418457, -1.5370769500732422, 3.4181370735168457, 0.037110336124897, -0.39407914876937866, 0.5463085174560547, -0.031827010214328766, 0.5373702645301819, 0.8427002429962158, -0.008743922226130962, 0.26980850100517273, 0.43237635493278503, 0.23572342097759247, -1.8573708534240723, -0.4889317750930786, 1.915110468864441, -0.06549099087715149, -0.3732486367225647, 0.5277443528175354, 0.07409081608057022, -0.5975013971328735, 0.7554974555969238, 0.25831395387649536, 0.33800891041755676, -0.10572056472301483, 0.19339601695537567, -1.5147955417633057, 3.4180238246917725, -0.9492846131324768, -0.4672238528728485, -1.3344954252243042, -1.987106204032898, -0.021347343921661377, -0.02174443006515503, -0.012631027027964592, -1.9086037874221802, 0.8625657558441162, -2.7448105812072754, -0.01850755698978901, -0.0056870304979383945, 0.013061786070466042, -1.0507270097732544, 1.1302106380462646, -2.8439764976501465, 0.006425213068723679, 0.0032428577542304993, 0.012310681864619255, -0.9527988433837891, -2.395401954650879, -1.4500283002853394, 0.007880096323788166, 0.007884982973337173, 0.005237164441496134, -2.3839657306671143, 0.011625848710536957, 0.7884351015090942, 0.003605638397857547, 0.017871573567390442, -0.01700778305530548, -1.0, -0.3873416781425476, -0.8107928037643433, -0.1813262552022934, 0.22604185342788696, 0.5706486105918884, -0.4203888773918152, -0.4384057819843292, -1.0, 0.2970031201839447, 0.10525272786617279, -1.0, 0.058427806943655014, 1.0, -0.2110442817211151, 0.6828427910804749, 0.24549733102321625, 0.32628288865089417, 1.0, 0.7352756261825562]
[0.26397982239723206, -0.018474426120519638, 0.14426910877227783, -0.20165325701236725, 0.2513754367828369, 0.2308371514081955, 0.4898257553577423, -0.20205549895763397, -0.3165704011917114, -0.452355295419693, -0.6428587436676025, 0.2114616483449936, -0.49669310450553894, -0.634391188621521, -0.8479031324386597, 0.005727596580982208, 0.5042313933372498, 0.004700837191194296, 0.17506708204746246, 0.2469632625579834, 0.039671916514635086, -0.2662407159805298, 0.18114906549453735, 0.5216625928878784, -0.6466070413589478, -0.48387452960014343, -0.19746288657188416, 0.5320215225219727, 0.5582793354988098, 0.20081661641597748, -0.1254778951406479, -0.15743501484394073, 0.9818598628044128, 0.6112911105155945, -0.24175851047039032, -0.4278709590435028, 0.5680791735649109, 0.40678301453590393, 0.04814587160944939, 0.16449986398220062, 0.8658270835876465, 1.1432528495788574, 0.18140433728694916, 0.23900571465492249, 0.5501235723495483, 0.374580442905426, 0.9296119809150696, 0.48267585039138794, -2.8340768814086914, -9.821768760681152, -0.11070716381072998, -0.267676442861557, 0.03263971209526062, 0.040746062994003296, -0.09339490532875061, -0.5590026378631592, -0.09454542398452759, 0.012751555070281029, -0.03538671135902405, -0.6620451807975769, -0.24443933367729187, -0.06888465583324432, -0.7984517812728882, -0.017442183569073677, -0.32920366525650024, 0.056424692273139954, 0.06167036294937134, 0.1455545872449875, -0.2268373817205429, -0.08333885669708252, -0.12389831244945526, -0.026289308443665504, 0.008008679375052452, -0.3982425928115845, 0.518376350402832, 0.2616328299045563, 0.628072202205658, -0.6270282864570618, 0.37935325503349304, 0.3330439329147339, 0.04765566810965538, 0.11881914734840393, 0.5332723259925842, -8.412569999694824, 1.6415653228759766, 0.0, -0.38999998569488525, 0.47999998927116394, -0.22206895053386688, -0.6671021580696106, 0.6765443682670593, 0.2189696580171585, 0.13490548729896545, 0.4283588230609894, -0.35888898372650146, -0.8182345032691956, -0.01915837451815605, -0.42793264985084534, 0.5260186195373535, -0.006313658785074949, 0.43076032400131226, 0.902223527431488, -0.01995692402124405, 0.5448583364486694, 0.07856440544128418, -0.2598313093185425, -4.033351898193359, -0.08679322898387909, 4.252394676208496, -0.002052289666607976, -0.44035181403160095, 0.5223530530929565, 0.008006184361875057, -0.04573202505707741, 0.9981376528739929, 0.039569463580846786, 0.6551735401153564, 0.048883408308029175, -0.3333224058151245, -4.727612495422363, 0.7762991786003113, 3.985119104385376, 0.03313992917537689, -0.4197222888469696, 0.536112368106842, -0.008799124509096146, -0.026327697560191154, 0.9872400760650635, -0.15679997205734253, 0.5782512426376343, -0.05148426443338394, -0.375366747379303, -0.17168623208999634, -0.820686399936676, 4.369356155395508, 0.04288641735911369, -0.38683778047561646, 0.545953094959259, -0.04435574635863304, 0.5800734162330627, 0.8131023645401001, -0.020295090973377228, 0.3478749990463257, 0.461296021938324, -0.3462558090686798, -8.576189994812012, -0.8241647481918335, 1.8629815578460693, -0.05861981585621834, -0.3755861520767212, 0.5295173525810242, 0.07920363545417786, -0.5704329013824463, 0.7672987580299377, 0.28210946917533875, 0.4591336250305176, -0.14088702201843262, 0.11095878481864929, -3.943148612976074, 2.5205180644989014, -1.034044623374939, -0.7230849266052246, -1.9779138565063477, -1.397421956062317, 0.011077356524765491, 0.006834764499217272, 0.006705666892230511, -0.7769836187362671, 0.4286344647407532, -3.00649356842041, 0.01918107084929943, -0.00422691972926259, 0.0021293512545526028, -0.16526125371456146, 2.608412504196167, -3.2967422008514404, -0.029758471995592117, 0.004539893940091133, 0.0034497706219553947, -0.34179556369781494, -2.5303795337677, -1.4912397861480713, 0.02371467463672161, 0.0011440854286774993, 0.0014249901287257671, -1.6283280849456787, 1.1922178268432617, 0.2673643231391907, -0.0007712486549280584, -0.00023605790920555592, 0.002059252467006445, -1.0, -1.0, -0.5967642068862915, 0.3648921847343445, 0.6772311925888062, 0.43209436535835266, -0.47652360796928406, 0.4186146557331085, -1.0, -0.24810004234313965, -0.23654676973819733, -1.0, 0.2386932075023651, 1.0, 1.0, 0.2796323597431183, 0.5480089783668518, 0.6875332593917847, 1.0, 0.8873786330223083]
[0.11925093829631805, -0.11956676095724106, 0.10773748904466629, -0.09268920868635178, 0.3413701057434082, 0.2879127562046051, 0.4800558090209961, -0.12148177623748779, -0.2432282269001007, -0.3620521128177643, -0.7017298936843872, 0.14215560257434845, -0.4013756215572357, -0.5621599555015564, -0.8479133248329163, 0.0314151905477047, 0.5900426506996155, 0.1455962061882019, 0.2111038714647293, 0.26104453206062317, 0.07813983410596848, -0.07978349179029465, 0.3179294168949127, 0.5856077075004578, -0.4643867015838623, -0.8527994155883789, -0.12621699273586273, 1.260568618774414, 0.9821471571922302, 0.8685557246208191, 0.002915427088737488, 1.230265736579895, 0.5262159705162048, 0.8854336142539978, -0.2412646859884262, -0.7598955035209656, 1.040831446647644, 0.9572392702102661, -0.04036969691514969, 0.07498599588871002, 0.7515280842781067, 1.3835216760635376, 0.4252501428127289, 0.1416454017162323, 0.11882858723402023, 0.49341854453086853, 0.7950524091720581, 0.6450517177581787, 4.609813213348389, -3.2080652713775635, 0.09024616330862045, 0.01667007990181446, 0.0648888498544693, 0.05293913185596466, 0.13303203880786896, 0.14551636576652527, 0.05271463841199875, 0.019416816532611847, 0.11329585313796997, -0.2215704619884491, -0.045643504709005356, 0.010066468268632889, -0.2079169750213623, 0.0249880850315094, -0.16680580377578735, -0.029293717816472054, 0.002819509245455265, -0.03059527650475502, -0.413389652967453, -0.20882056653499603, 0.010159492492675781, 0.002701049204915762, 0.013674560002982616, -0.39757397770881653, 0.5184699296951294, 0.41835373640060425, 0.5174472332000732, -0.45138847827911377, 0.5945392847061157, 0.3519388735294342, -0.014054197818040848, 0.0179658941924572, 1.4442822933197021, -7.6897501945495605, 1.910996675491333, 0.0, -0.38999998569488525, 0.47999998927116394, -0.22206895053386688, -0.6671021580696106, 0.6765443682670593, 0.2189696580171585, 0.1746816784143448, 0.6927192211151123, -0.3368968665599823, -0.6132918000221252, -0.011151337996125221, -0.42478424310684204, 0.5214426517486572, -0.02179837040603161, 0.4928644001483917, 0.8686640858650208, -0.045078475028276443, 0.3413001000881195, 0.35379108786582947, -0.4646208584308624, -11.247227668762207, -1.028232216835022, 3.043576717376709, 0.006951809860765934, -0.4379690885543823, 0.5173495411872864, 0.014845668338239193, 0.020677173510193825, 0.999582052230835, 0.013700353913009167, 0.4695298671722412, 0.3687228858470917, -0.2937857508659363, -8.97624683380127, 0.936993420124054, 2.6765332221984863, 0.042013972997665405, -0.42140790820121765, 0.5265441536903381, -0.01798403449356556, -0.01862168125808239, 0.9817773103713989, -0.1882632076740265, 0.45220983028411865, -0.09874001145362854, -0.688210666179657, -1.510171890258789, -1.8807952404022217, 3.268651247024536, 0.04835820943117142, -0.3811056613922119, 0.5397762060165405, -0.055788539350032806, 0.6369837522506714, 0.7682493329048157, -0.03053268790245056, 0.2627578377723694, 0.3050653636455536, -0.5837764739990234, -8.36556625366211, -0.7111051678657532, 1.3621731996536255, -0.052406176924705505, -0.37866514921188354, 0.5275740623474121, 0.07530105113983154, -0.5505644083023071, 0.7740047574043274, 0.3035212755203247, 0.2860715687274933, -0.17045679688453674, -0.18796657025814056, -1.681633710861206, 1.1696535348892212, -2.1850244998931885, 0.8197182416915894, -1.2922245264053345, 0.2400389015674591, 0.033555760979652405, -0.0054965936578810215, -0.003340421710163355, 0.9823715686798096, -0.747791051864624, 0.03494594991207123, 0.00819995068013668, -0.0013569635339081287, -0.007640589494258165, 1.0136229991912842, 0.1852986067533493, -1.1089370250701904, 0.012845946475863457, 0.0019185624551028013, -0.00572610180824995, 0.513199508190155, -0.5524902939796448, -1.0238773822784424, -0.005467843730002642, -0.0038667279295623302, 0.0010251200292259455, 0.24282050132751465, 2.703927993774414, -0.08756422996520996, -0.015894288197159767, -0.0011840708320960402, -0.000802906637545675, -0.17525571584701538, -1.0, -0.5679067373275757, 1.0, 1.0, 0.8392521142959595, 0.6652927994728088, -0.00696573406457901, -1.0, -0.39185523986816406, 0.2816741168498993, -1.0, 0.10557320713996887, 1.0, 1.0, 0.3118530511856079, -0.0007167290896177292, 1.0, 1.0, 1.0]
[0.0617106594145298, -0.16964270174503326, 0.09426307678222656, 0.0509745292365551, 0.44525641202926636, 0.40341857075691223, 0.501079261302948, 0.013026821427047253, -0.2293132245540619, -0.29790857434272766, -0.7583276629447937, 0.08578205108642578, -0.3839014172554016, -0.4743484854698181, -0.8838102221488953, 0.017749503254890442, 0.6596149206161499, 0.2863471806049347, 0.2592254877090454, 0.23235446214675903, 0.0014884576667100191, 0.04860680177807808, 0.42561647295951843, 0.6320179104804993, -0.029134249314665794, -0.07285281270742416, -0.052136488258838654, 1.4205548763275146, 0.9509453177452087, 1.18521249294281, 0.17522840201854706, 1.2392042875289917, -0.07409365475177765, 0.2768225073814392, -0.22626197338104248, -0.3725372850894928, -0.29714271426200867, 0.4234536588191986, -0.20378966629505157, -0.12405755370855331, 0.5945874452590942, 1.2557748556137085, 0.5222797989845276, -0.6370758414268494, -0.9155901074409485, 0.21200037002563477, 0.6097665429115295, 0.3202621042728424, 10.39604663848877, 10.288525581359863, 0.16897985339164734, 0.48422232270240784, 0.05442534387111664, -0.00042754923924803734, 0.3028551936149597, 0.4596710801124573, 0.061983056366443634, -0.02309994585812092, 0.20138166844844818, 0.6622457504272461, 0.1091776192188263, -0.016528723761439323, 0.8293822407722473, 0.03196452185511589, 0.14752939343452454, -0.032140880823135376, -0.010452400892972946, -0.6259698867797852, -0.14229756593704224, -0.13133929669857025, 0.38792645931243896, 0.10913455486297607, 0.01957891136407852, -0.3977978527545929, 0.5176676511764526, 0.5385792851448059, 0.39251434803009033, -0.21658621728420258, 0.7134109735488892, 0.3445459306240082, 0.01430286094546318, -0.102701835334301, 2.1468241214752197, -6.7193498611450195, 1.9424104690551758, 0.0, -0.38999998569488525, 0.47999998927116394, -0.22206895053386688, -0.6671021580696106, 0.6765443682670593, 0.2189696580171585, 0.15529079735279083, 0.8781424164772034, -0.2579578459262848, -0.37176376581192017, -0.00872310996055603, -0.41831308603286743, 0.5213789939880371, -0.0341731421649456, 0.5991477966308594, 0.7982732653617859, -0.051124781370162964, -0.04959379881620407, 0.5424110293388367, -0.07722548395395279, -17.2746639251709, -2.2362613677978516, 0.5274829864501953, 0.010322806425392628, -0.43345800042152405, 0.5182591080665588, 0.018382539972662926, 0.08955009281635284, 0.9957915544509888, 0.006469631567597389, 0.010130034759640694, 0.38582485914230347, 0.21766221523284912, -6.875335216522217, 0.2948992848396301, -0.43368765711784363, 0.0466340109705925, -0.42311862111091614, 0.5206723213195801, -0.024100303649902344, -0.014925266616046429, 0.9781598448753357, -0.20591160655021667, 0.12385426461696625, -0.11476344615221024, -0.1538887321949005, 1.5484468936920166, 0.26753419637680054, 1.2929785251617432, 0.05085398629307747, -0.3761301040649414, 0.5354951620101929, -0.062328238040208817, 0.6979712247848511, 0.7123907208442688, -0.03808867558836937, 0.021274812519550323, 0.29528775811195374, -0.3004440665245056, -10.937994956970215, -0.8457930088043213, 0.49827840924263, -0.053555678576231, -0.37925985455513, 0.5240539312362671, 0.03386620804667473, -0.5509291291236877, 0.7709800004959106, 0.31767910718917847, -0.4152158200740814, 0.10054779052734375, -0.20614871382713318, -1.295949935913086, -5.107745170593262, -5.53323221206665, 1.788935661315918, 1.9242781400680542, 2.2780203819274902, 0.028436623513698578, -0.010270466096699238, -0.005535334814339876, 2.533295154571533, 0.542430579662323, 2.982210159301758, -0.014963486231863499, 0.0005968640907667577, -0.01827850565314293, 1.576206088066101, -0.5257121324539185, 3.379992961883545, -0.02441440150141716, -0.0057349237613379955, -0.011391958221793175, 1.171726107597351, 1.8632540702819824, 0.4773586392402649, 0.01749640516936779, -0.006782520096749067, 0.0006065964116714895, 5.530587196350098, 1.5817081928253174, -0.36405202746391296, -0.014175168238580227, 0.020645182579755783, 0.01888817548751831, 1.0, 0.7413220405578613, 0.06778165698051453, 1.0, 1.0, 0.9448172450065613, 0.7791003584861755, -0.3721868097782135, -1.0, -0.021744605153799057, -0.7834283113479614, -1.0, -0.21777606010437012, 1.0, 1.0, -0.21520181000232697, -1.0, 0.23716917634010315, 1.0, 0.7830045223236084]
[0.08307072520256042, -0.11648133397102356, 0.1021369993686676, 0.165211483836174, 0.4928874671459198, 0.5077152252197266, 0.5579041838645935, 0.009648061357438564, -0.22267445921897888, -0.28562942147254944, -0.7763661742210388, 0.10718205571174622, -0.4551444351673126, -0.47175681591033936, -0.9001951217651367, -0.08079255372285843, 0.7161920666694641, 0.36882951855659485, 0.33927032351493835, 0.1210109144449234, -0.14104293286800385, 0.05397079139947891, 0.5109033584594727, 0.6071587204933167, 0.1832950860261917, 0.6793704032897949, 0.07723046839237213, 0.8613160252571106, 0.16582360863685608, 0.6604008674621582, 0.26370176672935486, -0.7141446471214294, 0.12042126804590225, 0.059971291571855545, 0.0463828518986702, 0.5185956954956055, -0.836109459400177, -0.18325059115886688, 0.011676388792693615, -0.5526776313781738, 0.4867488443851471, 0.5002300143241882, 0.8225579261779785, -1.7719392776489258, -1.0851244926452637, -0.09474491328001022, 0.49124789237976074, -0.511265218257904, 6.163079738616943, 9.271767616271973, 0.09369069337844849, 0.22955358028411865, -0.07498015463352203, -0.07174177467823029, 0.15158094465732574, -0.05790010467171669, -0.08989938348531723, -0.04457872360944748, 0.15646833181381226, 0.7374234199523926, 0.2145746350288391, 0.04830637946724892, 0.8251214027404785, -0.017482418566942215, 0.18401078879833221, -0.06269536167383194, -0.02636915259063244, -0.5398721694946289, 0.3176811635494232, 0.10878454148769379, 0.31375741958618164, 0.07486213743686676, 0.019041642546653748, -0.3984352946281433, 0.5167304277420044, 0.6382812857627869, 0.2357359528541565, 0.01994365081191063, 0.7325487732887268, -0.18572644889354706, -0.003759716171771288, 0.044980842620134354, 3.3262462615966797, -6.80580472946167, 1.0443768501281738, 0.0, -0.38999998569488525, 0.47999998927116394, -0.22206895053386688, -0.6671021580696106, 0.6765443682670593, 0.2189696580171585, 0.1296502947807312, 0.9765583872795105, -0.11778546124696732, -0.1251036673784256, -0.010650534182786942, -0.41160786151885986, 0.5275249481201172, -0.03693605214357376, 0.6908007860183716, 0.7208197116851807, -0.04299895837903023, -0.17902356386184692, 0.3807387053966522, 0.32171809673309326, -11.750535011291504, -1.4117845296859741, -1.2430859804153442, 0.008277704939246178, -0.43255674839019775, 0.5227005481719971, 0.019033066928386688, 0.11115981638431549, 0.9934242367744446, 0.019734321162104607, -0.2307865470647812, -0.056178025901317596, 0.3242235779762268, -0.7273173928260803, -0.34240636229515076, -2.308306932449341, 0.045718591660261154, -0.4226920008659363, 0.5252118110656738, -0.019986523315310478, -0.017293786630034447, 0.9781002998352051, -0.20644891262054443, -0.188589945435524, 0.11255241185426712, 0.5440860390663147, -1.0831732749938965, 0.5560106039047241, -1.0191220045089722, 0.04936088249087334, -0.3712015748023987, 0.5372575521469116, -0.07712798565626144, 0.7649324536323547, 0.638170599937439, -0.04083866626024246, -0.20593143999576569, 0.26181265711784363, 0.07605022192001343, -12.308249473571777, -2.5823066234588623, 1.4830939769744873, -0.061863772571086884, -0.37533873319625854, 0.5221392512321472, -0.04980988800525665, -0.5564458966255188, 0.7717634439468384, 0.30375662446022034, -0.7162662744522095, 0.3915761113166809, -0.07915213704109192, -3.810129165649414, -10.779390335083008, -3.6104702949523926, 0.9933784008026123, 2.7424049377441406, 0.18186114728450775, -0.030605696141719818, -0.009064272046089172, -0.00158940558321774, 1.4656612873077393, 1.8000338077545166, 0.9278423190116882, -0.01757822185754776, 0.0016242978163063526, -0.00920097529888153, 1.0076110363006592, -1.9304102659225464, 3.6673176288604736, 0.019350223243236542, -0.006660342216491699, -0.013612128794193268, 1.049589991569519, 2.2397067546844482, 0.17995046079158783, 0.007226444780826569, 0.0002653724222909659, -0.004960161633789539, 4.130343914031982, -1.1783936023712158, -0.060419101268053055, 0.0046529159881174564, 0.008776642382144928, 0.023901507258415222, 1.0, 1.0, 0.28350672125816345, 0.5960655808448792, 0.43845489621162415, 0.9910089373588562, -0.7738456130027771, -0.13605532050132751, -0.4693392515182495, 0.700089693069458, -1.0, -0.6066113114356995, -1.0, 1.0, 0.5181830525398254, -0.8716703057289124, -1.0, -0.3375360369682312, 0.9746811985969543, 0.1686892956495285]
[0.1560598760843277, 0.0078885518014431, 0.09079815447330475, 0.11712931096553802, 0.3858076333999634, 0.5211471319198608, 0.5174493193626404, -0.10975677520036697, -0.22780880331993103, -0.283096045255661, -0.6764919757843018, 0.1949836015701294, -0.5452803373336792, -0.4987368583679199, -0.9056352376937866, -0.2191021889448166, 0.7661049962043762, 0.2991454303264618, 0.37826991081237793, 0.02843334898352623, -0.25223231315612793, 0.10030894726514816, 0.589439332485199, 0.5803544521331787, 0.3259323537349701, 0.9899911880493164, -0.1098225861787796, -1.156212568283081, -1.640427827835083, -0.267412394285202, -0.3903628885746002, -1.30807626247406, -0.139851912856102, -0.013890293426811695, 0.5986952185630798, 0.9923057556152344, -0.8137133717536926, -0.27858608961105347, -0.031552504748106, -0.5744691491127014, 0.43911099433898926, -1.2613582611083984, -0.10134448856115341, -0.8007515072822571, -0.6355946660041809, 0.22994087636470795, 0.47299620509147644, -0.11274422705173492, 2.4061574935913086, 2.3250885009765625, 0.011281794868409634, -0.30250704288482666, -0.2632145583629608, -0.12036558240652084, -0.026180513203144073, -0.008936014026403427, -0.04048621654510498, -0.021184777840971947, 0.11448968201875687, 0.2144569754600525, 0.08906971663236618, 0.028326978906989098, 0.20061440765857697, 0.0099427355453372, 0.016608746722340584, -0.127817764878273, -0.08922502398490906, 0.08880090713500977, 0.3908587694168091, 0.24038246273994446, -0.044723570346832275, -0.005471191368997097, 0.011972129344940186, -0.397254079580307, 0.5189682245254517, 0.688636064529419, -0.10195677727460861, 0.3758813142776489, 0.6116358041763306, -0.7103017568588257, 0.09384025633335114, 0.2970675826072693, 5.984586238861084, -13.561556816101074, 0.6075003147125244, 0.0, -0.38999998569488525, 0.47999998927116394, -0.22206895053386688, -0.6671021580696106, 0.6765443682670593, 0.2189696580171585, 0.10484281927347183, 0.9350625276565552, 0.15053986012935638, 0.30332091450691223, -0.014165428467094898, -0.41230252385139465, 0.5360229015350342, -0.03066122904419899, 0.6774066686630249, 0.7341086864471436, -0.035559773445129395, -0.20503674447536469, -0.2649454176425934, 0.6719617247581482, 10.344038963317871, 0.8175175189971924, -1.1488853693008423, 0.004038530867546797, -0.43481552600860596, 0.5289435386657715, 0.0116121219471097, 0.09953349083662033, 0.9946237206459045, 0.026112375780940056, -0.28367140889167786, -0.1932409107685089, 0.412321001291275, 2.4165666103363037, -1.2840276956558228, 0.1612207293510437, 0.039528511464595795, -0.4191690981388092, 0.5373625755310059, -0.01341142039746046, 0.008592719212174416, 0.9837073087692261, -0.1790701001882553, -0.4639912545681, 0.36681070923805237, 0.8174025416374207, -4.4766716957092285, -0.1409231722354889, -4.602837562561035, 0.04562476649880409, -0.36735591292381287, 0.544228732585907, -0.09000299870967865, 0.7914774417877197, 0.6028066873550415, -0.0456833578646183, -0.2651311755180359, 0.1884748935699463, 0.4921483099460602, -0.3577255308628082, 0.11033522337675095, 1.4193570613861084, -0.06983952969312668, -0.36933818459510803, 0.5232768654823303, -0.12884753942489624, -0.5362558960914612, 0.7825405597686768, 0.2888910472393036, -0.47355687618255615, 0.43542593717575073, 0.17128780484199524, -6.350554943084717, -5.487803936004639, -3.6072235107421875, 0.34034356474876404, 1.5324289798736572, -2.8216476440429688, -0.0973791554570198, 0.0008357950719073415, -0.0006190170533955097, 0.09717778861522675, 0.642778217792511, 0.16065442562103271, -0.01154310628771782, 0.004515537992119789, 0.008439931087195873, 0.5952751040458679, -0.936690628528595, 1.0256799459457397, 0.014276620000600815, -0.002343981061130762, -0.010745924897491932, 0.21919751167297363, 1.805145025253296, -0.8209476470947266, -0.06214785948395729, -0.0027832461055368185, 0.0009499487350694835, -0.3585622012615204, -2.703944683074951, 0.25239887833595276, 0.01941988430917263, 0.0002657959412317723, -0.016802430152893066, 1.0, 1.0, -0.12355092167854309, -1.0, -1.0, -0.26710885763168335, -1.0, -0.3616931736469269, 0.4999864101409912, 1.0, -1.0, -0.9054979085922241, -1.0, 1.0, -0.7990061044692993, -0.19277484714984894, -0.5700536966323853, 0.9383203983306885, 1.0, 0.5784919857978821]
[0.1798471063375473, 0.07300649583339691, -0.005513472016900778, -0.0005194823606871068, 0.18807363510131836, 0.46969515085220337, 0.5019635558128357, -0.24107472598552704, -0.263952374458313, -0.2898660898208618, -0.6302843689918518, 0.3162734806537628, -0.6226142048835754, -0.5263645052909851, -0.89615398645401, -0.3410607874393463, 0.8099290728569031, 0.12713606655597687, 0.33977386355400085, 0.07339642941951752, -0.19547021389007568, 0.20247143507003784, 0.6680051684379578, 0.6124876737594604, -0.07655759900808334, 0.19159723818302155, -0.4420475959777832, -1.0894302129745483, -1.9225748777389526, -0.5970512628555298, 0.10271071642637253, -1.1596388816833496, -0.4392419457435608, -0.10971438884735107, -0.03502357006072998, 1.1684954166412354, -0.6634533405303955, -0.24023933708667755, 0.04628796502947807, -0.46198487281799316, 0.3768317401409149, -1.7584097385406494, -0.5115517973899841, 1.2994552850723267, 0.9747570157051086, 0.27706003189086914, 0.46727848052978516, 0.5016178488731384, -8.32605266571045, -10.082752227783203, -0.12969616055488586, -0.3751489520072937, -0.03842160105705261, 0.0019196001812815666, -0.15465892851352692, -0.46853888034820557, -0.12241172790527344, -0.031015094369649887, -0.2062796950340271, -0.5160043239593506, -0.13938435912132263, -0.03489440679550171, -0.7655161023139954, -0.006475456058979034, -0.1989092230796814, -0.029363717883825302, -0.017700493335723877, 0.6034753918647766, 0.25941982865333557, 0.16873055696487427, -0.42729222774505615, -0.12270858883857727, 0.003337982576340437, -0.39736390113830566, 0.523242175579071, 0.5862284898757935, -0.3897792398929596, 0.6009605526924133, 0.3784900903701782, -0.18810774385929108, -0.13251881301403046, 0.28457680344581604, 3.8094184398651123, -8.518549919128418, 0.8134156465530396, 0.0, -0.38999998569488525, 0.47999998927116394, -0.22206895053386688, -0.6671021580696106, 0.6765443682670593, 0.2189696580171585, 0.07521796971559525, 0.6972060799598694, 0.35315898060798645, 0.619293749332428, -0.013845737092196941, -0.4191432595252991, 0.5389025211334229, -0.03486640378832817, 0.5803132653236389, 0.812187910079956, -0.048698388040065765, 0.14697758853435516, -0.5630961656570435, 0.2290402501821518, 16.99150848388672, 1.8261868953704834, 2.597306251525879, 0.002358535071834922, -0.4388505220413208, 0.5293587446212769, 0.006757520604878664, 0.05034279078245163, 0.99831223487854, 0.028153417631983757, 0.01519252173602581, -0.38406652212142944, -0.15004433691501617, 7.571828365325928, -0.5261285305023193, -0.1975661963224411, 0.03613133728504181, -0.41373211145401, 0.5452950596809387, -0.012607292272150517, 0.03431553393602371, 0.9851759672164917, -0.1676056683063507, -0.03773706033825874, 0.37791454792022705, 0.27614477276802063, -2.1992347240448, -0.5705502033233643, 0.5389025211334229, 0.04390276223421097, -0.36587098240852356, 0.5494943261146545, -0.10222537815570831, 0.7622674107551575, 0.6362581253051758, -0.06061369925737381, -0.04346948862075806, 0.05273611843585968, 0.32948970794677734, 8.07990837097168, 1.795400619506836, 3.018845558166504, -0.06938297301530838, -0.3665095269680023, 0.5289177298545837, -0.13662971556186676, -0.4950634241104126, 0.7965191602706909, 0.319063663482666, 0.30190756916999817, 0.1070624589920044, 0.5452440977096558, -3.5139200687408447, 7.333820343017578, -3.0675532817840576, -1.387101411819458, -2.1073482036590576, -1.9016015529632568, -0.02969062328338623, 0.010109193623065948, 0.0023680718149989843, -1.5286955833435059, 0.4592396318912506, -3.2541937828063965, -0.024126503616571426, -0.00494051817804575, -9.237648555426858e-06, -1.528261423110962, 1.2717390060424805, -3.093203067779541, -0.01581832394003868, 0.007317457348108292, 0.021796274930238724, -0.8149063587188721, -1.4900591373443604, -0.8926025629043579, -0.040051382035017014, 0.0046608964912593365, -0.004342793487012386, -5.958675861358643, -2.20005464553833, 0.06984709948301315, 0.018334144726395607, -0.027369797229766846, -0.04584166780114174, -1.0, -1.0, -1.0, -0.6746909618377686, -1.0, 0.7084498405456543, -1.0, -0.5963295698165894, -1.0, 1.0, -1.0, -1.0, -0.9240415096282959, 1.0, -1.0, 1.0, 1.0, 1.0, 1.0, 1.0]
[0.12029264122247696, 0.03417113423347473, 0.007782077882438898, -0.01999339461326599, -0.008805627934634686, 0.3913131058216095, 0.5002142190933228, -0.26727762818336487, -0.2760181427001953, -0.29930606484413147, -0.6623532176017761, 0.39182910323143005, -0.6331904530525208, -0.5405643582344055, -0.8815647959709167, -0.29003188014030457, 0.8460804224014282, -0.03045012056827545, 0.2844580411911011, 0.19476065039634705, -0.031652018427848816, 0.32345181703567505, 0.7360131144523621, 0.6709206700325012, -0.3380732536315918, -0.5901257395744324, 0.006945246364921331, 0.2813539505004883, -1.756592035293579, -1.0820168256759644, 0.052057575434446335, 0.22722041606903076, 0.07030235975980759, -0.035165466368198395, -0.18437105417251587, 0.43557143211364746, 0.19348733127117157, -0.022154444828629494, 0.05934639647603035, 0.5637068152427673, 0.3076030910015106, -1.2934045791625977, -0.486786425113678, 1.6135616302490234, 1.2951865196228027, 0.3103490471839905, 0.3828132450580597, 0.554988443851471, -6.067907810211182, -9.292902946472168, -0.19591903686523438, -0.11138910055160522, 0.06933607906103134, 0.009887251071631908, -0.15681076049804688, -0.21551817655563354, 0.028954356908798218, 0.03243387117981911, -0.10450568795204163, -0.6829608082771301, -0.17892839014530182, -0.040822312235832214, -0.7126365900039673, 0.07451402395963669, -0.19943609833717346, 0.017428455874323845, 0.019107528030872345, 0.25312161445617676, -0.2582130432128906, -0.13310503959655762, -0.24684327840805054, -0.08320310711860657, 0.003454148070886731, -0.4002104699611664, 0.5270246863365173, 0.3882173001766205, -0.5968148112297058, 0.6988649368286133, 0.06846237182617188, 0.050304122269153595, -0.19844286143779755, 0.17984449863433838, 4.556427001953125, -8.672719955444336, 0.7728045582771301, 0.0, -0.38999998569488525, 0.47999998927116394, -0.22206895053386688, -0.6671021580696106, 0.6765443682670593, 0.2189696580171585, 0.03776856139302254, 0.3328295052051544, 0.49822700023651123, 0.7997298240661621, -0.010143083520233631, -0.4251154959201813, 0.5353555679321289, -0.03158186748623848, 0.47231975197792053, 0.8788823485374451, -0.05901089683175087, 0.31122472882270813, -0.4292537569999695, -0.1652751863002777, 15.607131004333496, 2.0118398666381836, 1.6506379842758179, 0.00587109848856926, -0.4407415986061096, 0.5247722268104553, 0.007685327902436256, 0.020303646102547646, 0.999593198299408, 0.018495546653866768, 0.32416483759880066, -0.06408290565013885, -0.37985914945602417, 1.6154513359069824, 0.47844088077545166, 1.4424211978912354, 0.03828340023756027, -0.41094404458999634, 0.544218897819519, -0.017628813162446022, 0.04222869500517845, 0.9822561740875244, -0.1818753331899643, 0.2316441535949707, 0.05443535000085831, -0.29796627163887024, 0.09536413848400116, -0.7578983902931213, 2.559734344482422, 0.04606907442212105, -0.3668333888053894, 0.5494747757911682, -0.09910640865564346, 0.7091414928436279, 0.6949089169502258, -0.06631526350975037, 0.23406806588172913, -0.11111427843570709, 0.004244472831487656, 10.021598815917969, 2.006194591522217, -0.8213663101196289, -0.060800399631261826, -0.36849653720855713, 0.5343154668807983, -0.08600353449583054, -0.45459380745887756, 0.8096787333488464, 0.36106517910957336, 0.7645116448402405, -0.23357045650482178, 0.2984538674354553, -0.8297359347343445, 9.886831283569336, 0.3755258023738861, -1.3047183752059937, -1.6422300338745117, -0.5525162816047668, -0.014746196568012238, 0.018836239352822304, 0.008278225548565388, -1.3117330074310303, -0.979388415813446, -1.8316140174865723, 0.01774304360151291, -0.003994697704911232, 0.0025897251907736063, -0.809579610824585, 1.8264219760894775, -3.2800042629241943, -0.013425983488559723, 0.0058391643688082695, 0.009059332311153412, -1.0021215677261353, -1.9311168193817139, -0.878013014793396, -0.00985922385007143, -0.01288424152880907, -0.00037477732985280454, -3.8186826705932617, 1.7227377891540527, -0.40071141719818115, -0.008179649710655212, -0.022104188799858093, -0.011981764808297157, -1.0, -1.0, -1.0, 0.5116451978683472, -1.0, 1.0, -0.09032126516103745, -0.13651597499847412, -1.0, 0.4535156190395355, -0.39403530955314636, -1.0, 0.8909439444541931, 1.0, -0.7101855278015137, 1.0, 1.0, 1.0, 1.0, 1.0]
[0.0953223705291748, -0.05269065499305725, -0.022701770067214966, 0.07186385244131088, -0.09378986060619354, 0.25521957874298096, 0.5035282373428345, -0.16559498012065887, -0.17364726960659027, -0.2825758755207062, -0.6928948760032654, 0.39970511198043823, -0.5862204432487488, -0.5326021909713745, -0.8858253955841064, -0.12070286273956299, 0.8756135106086731, -0.17630022764205933, 0.20409420132637024, 0.3211774528026581, 0.13892613351345062, 0.4422532320022583, 0.7436459064483643, 0.7259042859077454, 0.07356429100036621, -0.6169585585594177, -0.1807844191789627, 1.19026517868042, -0.26201143860816956, -1.087902545928955, 0.017668860033154488, 1.300994873046875, 1.4124683141708374, 0.4793519973754883, -0.08910401165485382, -0.12320605665445328, 0.5557050704956055, 0.14338962733745575, -0.06787507236003876, 0.7646140456199646, 0.24956095218658447, -1.3778471946716309, -1.160230278968811, 1.5499029159545898, 1.203177571296692, 0.2802281081676483, -0.13570629060268402, 0.4789622724056244, 9.367535591125488, 0.4639425277709961, 0.15536974370479584, 0.2824644148349762, 0.2083456814289093, 0.09275640547275543, 0.2670527398586273, 0.21575912833213806, 0.17309826612472534, 0.0928465723991394, 0.1508876532316208, -0.10904104262590408, -0.02889726683497429, -0.004827556200325489, 0.12100913375616074, 0.034623581916093826, -0.05327045917510986, -0.015252608805894852, -0.03693971410393715, -0.3097863495349884, -0.16955940425395966, -0.1047932505607605, 0.1065874695777893, 0.021539416164159775, 0.006143561564385891, -0.4035786986351013, 0.5288102030754089, 0.10877881944179535, -0.715994119644165, 0.6393409967422485, -0.25838467478752136, 0.139848530292511, -0.14193417131900787, 0.040605831891298294, 5.147756099700928, -8.32569408416748, 0.4414573311805725, 0.0, -0.38999998569488525, 0.47999998927116394, -0.22206895053386688, -0.6671021580696106, 0.6765443682670593, 0.2189696580171585, 0.02433609589934349, -0.1135784462094307, 0.5463716983795166, 0.829448938369751, -0.008486384525895119, -0.4251536428928375, 0.5310505628585815, -0.0312863290309906, 0.4034353494644165, 0.9118369221687317, -0.06938613206148148, -0.05772675573825836, 0.12064722180366516, -0.14862236380577087, 3.848421812057495, 0.520861029624939, 0.5329227447509766, 0.007769071497023106, -0.43705493211746216, 0.522038996219635, 0.013003080151975155, 0.08149755746126175, 0.9964931607246399, 0.013795175589621067, -0.02467244677245617, 0.5449656248092651, -0.077334925532341, -12.905267715454102, 0.8907831907272339, -0.10141212493181229, 0.0396430641412735, -0.41197913885116577, 0.5382053256034851, -0.02438313700258732, 0.04055267572402954, 0.9806432723999023, -0.18999920785427094, -0.04671071097254753, -0.13726459443569183, -0.3882743716239929, 0.3983316421508789, -0.7008051872253418, -0.02095026522874832, 0.048140086233615875, -0.3703095316886902, 0.5464253425598145, -0.0737815871834755, 0.634900689125061, 0.7669651508331299, -0.05676138773560524, 0.11031948775053024, -0.2865578830242157, 0.01805863343179226, 14.506017684936523, 3.383751153945923, -3.639047861099243, -0.05067436769604683, -0.3723117411136627, 0.5362586379051208, -0.011238194070756435, -0.42583194375038147, 0.8176552653312683, 0.38727349042892456, 0.6915743947029114, -0.23808005452156067, 0.07997079193592072, 0.9394239783287048, 9.848880767822266, 2.3716328144073486, 1.5436553955078125, -1.6689395904541016, 2.2122061252593994, 0.06772230565547943, -0.005855711176991463, -0.005141798406839371, 1.9377917051315308, -2.002305030822754, 1.224902868270874, 0.06281198561191559, -0.0010027745738625526, -0.011760177090764046, 1.657205581665039, 0.2909261882305145, -0.2526955008506775, -0.00046366415335796773, -0.0014301908668130636, -0.012461324222385883, 0.8687765002250671, 0.4548373222351074, -0.4321267604827881, -0.030117157846689224, -0.012741378508508205, 0.001508308108896017, 1.5575621128082275, 1.523989200592041, 0.26063477993011475, -0.008278238587081432, -0.003381568007171154, -0.004737295210361481, 1.0, -0.5154959559440613, -0.625207781791687, 1.0, 0.049182094633579254, 1.0, 0.8688297271728516, 0.9308911561965942, -0.7286436557769775, 0.21945178508758545, -0.20074772834777832, -1.0, 1.0, 1.0, -1.0, 1.0, 1.0, 1.0, 0.4956814646720886, 1.0]
[0.14813360571861267, -0.06855583190917969, -0.08974158018827438, 0.20387519896030426, -0.02839624509215355, 0.21055153012275696, 0.5014277100563049, -0.014743177220225334, -0.0063139949925243855, -0.1595134139060974, -0.621069610118866, 0.28007376194000244, -0.47869712114334106, -0.5063358545303345, -0.913676381111145, 0.05745973065495491, 0.8212316036224365, -0.3131984770298004, 0.050841737538576126, 0.4365899860858917, 0.2825382947921753, 0.5380733013153076, 0.6334968209266663, 0.7437444925308228, 0.2802838981151581, 0.18556754291057587, -0.2930695116519928, 1.2898005247116089, 1.0684303045272827, 0.07043017446994781, -0.021842632442712784, 1.4689348936080933, 1.6299352645874023, 1.6849100589752197, 0.4997403621673584, -1.6186878681182861, 1.2150709629058838, 0.34110161662101746, -0.14873379468917847, 0.7133269309997559, -0.9097194075584412, -1.211768388748169, -1.5555413961410522, 1.3709157705307007, 0.9564625024795532, 0.21255479753017426, -0.9680237770080566, -0.0015480414731428027, 4.4272565841674805, 10.587383270263672, 0.06910673528909683, 0.47387585043907166, 0.17412899434566498, 0.07809180021286011, 0.12591853737831116, 0.5612033605575562, 0.12753763794898987, 0.06634198874235153, 0.1024954691529274, 0.09596187621355057, 0.02102471888065338, 0.0074840569868683815, 0.7170242071151733, 0.0070183672942221165, -0.023388054221868515, -0.04691171646118164, -0.029070161283016205, -0.5315096378326416, 0.20586058497428894, 0.07598857581615448, 0.19395731389522552, 0.04197917506098747, 0.009614227339625359, -0.4050404131412506, 0.5287641286849976, -0.14770789444446564, -0.7271896600723267, 0.4718394875526428, -0.47617748379707336, 0.18960323929786682, -0.020856890827417374, 0.0035144351422786713, 4.880603313446045, -6.014369487762451, -0.0971493348479271, 0.0, -0.38999998569488525, 0.47999998927116394, -0.22206895053386688, -0.6671021580696106, 0.6765443682670593, 0.2189696580171585, 0.03912314400076866, -0.4720414876937866, 0.4884237051010132, 0.7328631281852722, -0.01167229376733303, -0.41832029819488525, 0.533550500869751, -0.03808937594294548, 0.4529879689216614, 0.8879738450050354, -0.0696665346622467, -0.3050382435321808, 0.6747229695320129, 0.19008754193782806, -12.877279281616211, -2.2910385131835938, -0.0028654448688030243, 0.005387614015489817, -0.42860424518585205, 0.5268871784210205, 0.017810991033911705, 0.24746128916740417, 0.9685513973236084, 0.01881018839776516, -0.19586385786533356, 0.9339606165885925, 0.3131478726863861, -24.804887771606445, 0.8558498024940491, -0.6453893184661865, 0.03781423345208168, -0.41660210490226746, 0.5343366861343384, -0.02298949472606182, 0.04173094779253006, 0.9843766093254089, -0.16950714588165283, -0.16037780046463013, -0.32464781403541565, -0.13281230628490448, -0.6826154589653015, 0.36940211057662964, -3.8599913120269775, 0.0480240136384964, -0.3771958649158478, 0.5460425019264221, -0.037855133414268494, 0.5206474661827087, 0.8520889282226562, -0.03791385889053345, 0.01532884780317545, -0.6002717018127441, 0.31491655111312866, 17.74327850341797, 3.0152857303619385, -4.342662811279297, -0.04245908185839653, -0.37469378113746643, 0.5380449891090393, 0.07881458103656769, -0.4059670567512512, 0.82258540391922, 0.3902973532676697, 0.6186603903770447, -0.13399071991443634, 0.12161499261856079, 2.544865131378174, 9.704928398132324, 5.590248107910156, 0.7343995571136475, -0.018620222806930542, 3.4187779426574707, 0.07781250029802322, -0.004069437272846699, -0.002964647486805916, 1.1315147876739502, -0.5941035151481628, 3.3965067863464355, 0.057430434972047806, 0.002252466743811965, -0.006281211972236633, 0.6175327301025391, 0.2596365511417389, 2.086231231689453, 0.011378603056073189, -0.008163603954017162, -0.014286540448665619, 0.4166642129421234, 1.920762062072754, 0.3056713938713074, -0.00025873069535009563, -0.002069613430649042, 0.0008641965687274933, 2.7324137687683105, -0.7911047339439392, 0.7907489538192749, 0.0013592526083812118, -0.0017394452588632703, 0.0065123941749334335, 1.0, 0.927998423576355, -1.0, 1.0, 0.8581770062446594, 1.0, 1.0, 1.0, 0.31746697425842285, -0.9389548897743225, 0.3488178551197052, -1.0, 1.0, 0.057901781052351, -1.0, 1.0, 1.0, 1.0, -0.43024927377700806, 0.6624879240989685]
[0.20518259704113007, -0.01800396665930748, -0.19606533646583557, 0.33424851298332214, 0.034410510212183, 0.22960855066776276, 0.4458732604980469, 0.05586666241288185, 0.04798906296491623, -0.0006317864754237235, -0.4999116063117981, 0.1439702957868576, -0.30203673243522644, -0.4514784812927246, -0.9364534020423889, 0.21573103964328766, 0.6486318707466125, -0.4302529990673065, -0.10398714989423752, 0.4711620807647705, 0.4040949046611786, 0.5236458778381348, 0.565549910068512, 0.6663498878479004, 0.19880028069019318, 0.473486989736557, -0.5277266502380371, 1.1522988080978394, 0.3228006362915039, 0.1652406007051468, -0.17284022271633148, 0.48938068747520447, 0.02430483140051365, 0.9176669120788574, 0.2950730323791504, -1.3774359226226807, 1.7549766302108765, 0.8804773688316345, -0.08974059671163559, 0.6138519048690796, -1.9696400165557861, -1.019698977470398, -1.3351435661315918, -0.08595967292785645, 0.8351930975914001, -0.16457907855510712, -0.12190433591604233, -1.0791178941726685, 0.42479658126831055, 4.096026420593262, -0.013275687582790852, 0.10540467500686646, -0.049991197884082794, -0.031081359833478928, 0.03518543392419815, 0.5740401744842529, 0.1617165207862854, -0.01148403063416481, -0.09444750845432281, -0.32294535636901855, -0.1872679591178894, -0.03952452912926674, 0.2763369381427765, -0.0082602733746171, -0.08197057247161865, -0.04277944564819336, -0.008262798190116882, -0.5802738070487976, 0.009227601811289787, -0.04699847847223282, 0.40581798553466797, 0.11052018404006958, 0.010823988355696201, -0.40249311923980713, 0.5324566960334778, -0.18737083673477173, -0.7390459775924683, 0.5210970044136047, -0.38361576199531555, 0.16373293101787567, 0.25249236822128296, 0.345020592212677, -0.8813328742980957, 3.11438250541687, -3.6098225116729736, 0.0, -0.38999998569488525, 0.47999998927116394, -0.22206895053386688, -0.6671021580696106, 0.6765443682670593, 0.2189696580171585, 0.02615472860634327, -0.4287847876548767, 0.4127611517906189, 0.8031734824180603, -0.015210128389298916, -0.4093869924545288, 0.539854109287262, -0.05126883462071419, 0.5375015735626221, 0.8385592103004456, -0.0726766437292099, -0.2292519211769104, 0.5805731415748596, 0.25142431259155273, -10.38779354095459, -2.047219753265381, 1.5544265508651733, 0.0030102753080427647, -0.4235232174396515, 0.5331212282180786, 0.01648421213030815, 0.36736583709716797, 0.9297661781311035, 0.017472991719841957, -0.1466287523508072, 0.330371618270874, 0.3071497678756714, -9.491142272949219, -0.06273267418146133, -0.010481871664524078, 0.03448778763413429, -0.4189053773880005, 0.535179078578949, -0.023462476208806038, 0.09420053660869598, 0.9854435324668884, -0.13955910503864288, -0.17569416761398315, 0.022403782233595848, 0.07439117133617401, -8.434982299804688, -1.7857708930969238, -2.5760393142700195, 0.046761468052864075, -0.3879484534263611, 0.547610878944397, -0.012081027962267399, 0.37695518136024475, 0.9260640740394592, -0.012813830748200417, -0.05886896327137947, -0.9258038997650146, 0.29472169280052185, 19.511615753173828, 1.1565639972686768, -3.7394213676452637, -0.03903084620833397, -0.37262585759162903, 0.5423616766929626, 0.13697297871112823, -0.3883914649486542, 0.8299579620361328, 0.37624478340148926, 0.14421944320201874, 0.2536236643791199, 0.3399193584918976, -0.44465816020965576, 3.5057694911956787, 4.03878927230835, 0.0617251992225647, 1.1493160724639893, 0.2611691653728485, -0.013841617852449417, 0.002369354013353586, 0.0013065452221781015, 0.27663978934288025, 0.1096910908818245, 3.030696153640747, -0.009838664904236794, -0.0018274765461683273, -0.0038723954930901527, -0.4588862657546997, 2.0018742084503174, -0.5621713995933533, -0.00949641689658165, 0.002607365371659398, 0.016441626474261284, 0.16312658786773682, 0.838013231754303, -0.11836922913789749, 0.004307399038225412, 0.002725597470998764, 0.0006281445384956896, 5.111088275909424, 0.5987706780433655, -0.17823675274848938, -0.008377338759601116, 0.02874278463423252, 0.017265383154153824, 0.5396333336830139, 0.575132429599762, -1.0, 1.0, 0.08861420303583145, -1.0, 1.0, 0.13219580054283142, 1.0, -1.0, 0.7023220062255859, -1.0, 1.0, -0.735143780708313, -1.0, 0.178374782204628, 1.0, -0.12014845013618469, 0.7435555458068848, -0.1488272100687027]
[0.25507470965385437, 0.08022920787334442, -0.32158195972442627, 0.42183539271354675, -0.03599612042307854, 0.22730578482151031, 0.42954158782958984, 0.12550924718379974, -0.05200590565800667, 0.021244976669549942, -0.43772944808006287, -0.01185870636254549, -0.2065165489912033, -0.3240618407726288, -0.9605309963226318, 0.24220125377178192, 0.45871302485466003, -0.5306593179702759, -0.23099035024642944, 0.40521129965782166, 0.48538511991500854, 0.48036134243011475, 0.5838649868965149, 0.6344617009162903, 0.17926916480064392, 0.8342284560203552, -0.5079798102378845, 0.6184011101722717, -1.1655586957931519, -0.2211771458387375, -0.14652402698993683, 0.8043432235717773, -1.388360857963562, -0.22601036727428436, 0.3794249892234802, -1.4760103225708008, 0.41534730792045593, 1.1375846862792969, -0.10978107899427414, -0.15744556486606598, -1.636154055595398, -0.8753884434700012, -1.0869147777557373, -1.2308545112609863, 0.4513702392578125, -0.07687576860189438, 0.26022931933403015, 0.12125183641910553, -0.5015091896057129, 3.4782943725585938, -0.00013301410945132375, -0.02988685667514801, -0.13072469830513, -0.0709996446967125, -0.042803555727005005, 0.27570194005966187, 0.0006129429675638676, -0.043692752718925476, 0.04428594931960106, 0.16176149249076843, -0.059558022767305374, -0.043877627700567245, 0.28403759002685547, -0.07117198407649994, 0.2866193354129791, 0.1119198277592659, 0.041598230600357056, -0.43224507570266724, -0.02497595176100731, -0.011280559003353119, 0.28768616914749146, 0.1300990879535675, 0.01652238890528679, -0.39974281191825867, 0.5396593809127808, -0.20993372797966003, -0.7343906164169312, 0.6252546310424805, -0.16017113626003265, 0.4015735983848572, 0.15486383438110352, 0.5067050457000732, -0.5912129878997803, 4.638387680053711, -4.720609188079834, 0.0, -0.38999998569488525, 0.47999998927116394, -0.22206895053386688, -0.6671021580696106, 0.6765443682670593, 0.2189696580171585, -0.001799036399461329, -0.2708396315574646, 0.2683127820491791, 0.9244731664657593, -0.017866289243102074, -0.40300700068473816, 0.5481021404266357, -0.061209190636873245, 0.5657917857170105, 0.8180857300758362, -0.08287777751684189, -0.16093426942825317, 0.3099258244037628, 0.5374597311019897, -0.36662012338638306, 0.18008920550346375, 1.6717873811721802, 0.00036430987529456615, -0.41966512799263, 0.5425090789794922, 0.014740284532308578, 0.3909413814544678, 0.9199890494346619, 0.02382461540400982, -0.14717207849025726, 0.2694157361984253, 0.6644065380096436, -0.10185492038726807, -0.6730656623840332, -0.21678093075752258, 0.032270729541778564, -0.4216291308403015, 0.5386218428611755, -0.022843142971396446, 0.1494377851486206, 0.9810705780982971, -0.12102522701025009, -0.1342708319425583, -0.11468217521905899, 0.2545675039291382, -4.5517578125, -0.30634835362434387, -2.7748913764953613, 0.04497429355978966, -0.3973155617713928, 0.5504994988441467, -0.005298738833516836, 0.2467987835407257, 0.9690462946891785, -0.0033860476687550545, -0.10963957756757736, -0.6383439302444458, 0.3197968602180481, 14.103710174560547, 0.034678421914577484, 0.04892808198928833, -0.041945930570364, -0.36503034830093384, 0.5498582124710083, 0.10320042818784714, -0.34375742077827454, 0.8551072478294373, 0.37412840127944946, -0.37718692421913147, 0.7075023651123047, 0.6143692135810852, -10.766057014465332, -4.913092136383057, -1.373644471168518, -0.09391825646162033, 1.767255187034607, -0.6574803590774536, -0.04449082165956497, -0.0011294037103652954, 0.0004135190392844379, -0.0953608900308609, 1.0739929676055908, 1.2625943422317505, -0.027582859620451927, 0.0067436182871460915, 0.004079803824424744, 0.13422681391239166, 0.9743029475212097, 0.7343943119049072, -0.0292630847543478, -0.004455653019249439, -0.00860183872282505, -0.04259014129638672, -0.8350353837013245, 1.5521633625030518, 0.029072701930999756, 0.010638987645506859, 0.010956263169646263, 4.622605323791504, 0.2903478741645813, -0.2773934304714203, -0.001734441495500505, 0.05613742023706436, 0.013377108611166477, 0.5430254340171814, 1.0, -1.0, 0.6758208274841309, -1.0, -0.56447833776474, 1.0, -1.0, 1.0, -1.0, -0.24552293121814728, -1.0, -0.28814366459846497, -0.42372235655784607, -1.0, -0.3690042495727539, 0.7432194948196411, 0.35328707098960876, 1.0, 0.9314432144165039]
[0.27881407737731934, 0.1809750348329544, -0.41425973176956177, 0.48991459608078003, -0.17501874268054962, 0.1819463074207306, 0.4067612290382385, 0.23148956894874573, -0.14615976810455322, -0.01114049181342125, -0.3255371153354645, -0.12591248750686646, -0.1642395257949829, -0.24228335916996002, -0.9714474081993103, 0.12295173853635788, 0.32114309072494507, -0.6147381067276001, -0.33575519919395447, 0.4018925428390503, 0.5191785097122192, 0.45742353796958923, 0.6471183896064758, 0.6525924801826477, 0.01863994263112545, 0.6279212832450867, -0.313299298286438, 0.6350084543228149, -1.345863699913025, -0.7482032179832458, -0.017496861517429352, 1.1061532497406006, -0.5823838114738464, -0.27019453048706055, 0.43340012431144714, -0.8793016672134399, 0.3541385531425476, 0.5085185766220093, -0.020772280171513557, -0.6644377708435059, -1.0707343816757202, -0.7194626927375793, -0.902986466884613, 0.614837110042572, 0.12594488263130188, -0.04955282434821129, 0.43769437074661255, 0.18482936918735504, -3.7294769287109375, -2.3332831859588623, -0.01646219752728939, -0.1288277506828308, -0.02840328961610794, -0.03223714232444763, -0.040459439158439636, 0.008014612831175327, 0.0926765501499176, 0.0443667471408844, -0.11245107650756836, -0.008925152011215687, 0.004770326428115368, -0.015608284622430801, -0.17518723011016846, -0.0864025130867958, 0.13202698528766632, 0.07836136221885681, 0.03590269014239311, 0.7562497854232788, -0.12479734420776367, -0.06845000386238098, -0.38398152589797974, -0.1225893497467041, 0.02479945868253708, -0.39873695373535156, 0.5469087362289429, -0.24985787272453308, -0.7069724202156067, 0.6542088389396667, 0.09885227680206299, 0.5370477437973022, 0.046850115060806274, 0.3807171583175659, 0.7702276110649109, 3.4994850158691406, -5.068151950836182, 0.0, -0.38999998569488525, 0.47999998927116394, -0.22206895053386688, -0.6671021580696106, 0.6765443682670593, 0.2189696580171585, 0.009114813059568405, -0.11262140423059464, 0.06668983399868011, 0.9913554787635803, -0.01908908784389496, -0.3982979953289032, 0.5559849143028259, -0.06399523466825485, 0.5521857738494873, 0.8256906867027283, -0.09607385098934174, -0.03595206141471863, 0.2338082194328308, 0.4674629271030426, 3.9765660762786865, 1.4023933410644531, 1.479704737663269, -0.000757578935008496, -0.41309452056884766, 0.5523502826690674, 0.011141766794025898, 0.4107360243797302, 0.9113372564315796, 0.025218812748789787, -0.015827616676688194, 0.5120694041252136, 0.47758784890174866, -4.395398139953613, -0.1828901320695877, 0.00493941456079483, 0.030182477086782455, -0.42304426431655884, 0.5432718396186829, -0.018258463591337204, 0.18321619927883148, 0.9779687523841858, -0.0983644500374794, -0.07167762517929077, 0.0073674507439136505, 0.23932762444019318, -3.049422025680542, -0.24763727188110352, -2.2575931549072266, 0.04507170245051384, -0.40260306000709534, 0.5540375709533691, -0.00802621804177761, 0.1494191437959671, 0.9885180592536926, -0.021013246849179268, 0.07610578835010529, -0.37969493865966797, 0.22907042503356934, 10.349989891052246, 0.39070799946784973, 3.355518341064453, -0.04301287606358528, -0.3595001995563507, 0.5548309087753296, 0.06924080103635788, -0.30318787693977356, 0.8687525391578674, 0.38542407751083374, 0.08060053735971451, 0.22383734583854675, 0.21672981977462769, -3.624852180480957, 0.6940275430679321, -1.3786062002182007, -0.49000823497772217, 0.11235866695642471, -0.8074889183044434, -0.030551761388778687, 0.0001732464588712901, -0.0006004672613926232, -0.6356605291366577, -1.2316749095916748, 0.21176588535308838, 0.0258916225284338, -0.0008184328326024115, 0.0004964242689311504, -0.7601059079170227, 0.0030892190989106894, -0.34777820110321045, -0.015561944805085659, 0.003230426227673888, 0.006651093252003193, -0.693175196647644, -1.1490684747695923, 0.14341996610164642, 0.018666664138436317, 0.005907461978495121, 0.011626780964434147, -5.438634872436523, 0.8088544607162476, 0.28149041533470154, -0.007709220051765442, -0.035571202635765076, -0.016971327364444733, -0.10913907736539841, 0.5345047116279602, -0.7669914960861206, 0.8552101850509644, -1.0, -0.20007574558258057, 1.0, -0.3226853311061859, 1.0, -0.45316052436828613, 0.07609353959560394, -1.0, -1.0, -0.1984245926141739, -0.9942978024482727, 1.0, 0.5190317034721375, 0.3233674466609955, 1.0, 0.7557871341705322]
