1
[0.0, 0.0, 0.0, 0.0, 0.0, 0.0, 0.0, 0.0, 0.0, 0.0, 0.0, 0.0, 0.0, 0.0, 0.0, 0.0, 0.0, 0.0, 0.0, 0.0, 0.0, 0.0, 0.0, 0.0, 0.0, 0.0, 0.0, 0.0, 0.0, 0.0, 0.0, 0.0, 0.0, 0.0, 0.0, 0.0, 0.0, 0.0, 0.0, 0.0, 0.0, 0.0, 0.0, 0.0, 0.0, 0.0, 0.0, 0.0, 0.0, 0.0, 0.0, 0.0, 0.0, 0.0, 0.0, 0.0, 0.0, 0.0, 0.0, 0.0, 0.0, 0.0, 0.0, 0.0, 0.0, 0.0, 0.0, 0.0, 0.0, 0.0, 0.0, 0.0, 0.0, 0.0, 0.0, 0.0, 0.0, 0.0, 0.0, 0.0, 0.0, 0.0, 0.0, 0.0, 0.0, 0.0, 0.0, 0.0, 0.0, 0.0, 0.0, 0.0, 0.0, 0.0, 0.0, 0.0, 0.0, 0.0, 0.0, 0.0, 0.0, 0.0, 0.0, 0.0, 0.0, 0.0, 0.0, 0.0, 0.0, 0.0, 0.0, 0.0, 0.0, 0.0, 0.0, 0.0, 0.0, 0.0, 0.0, 0.0, 0.0, 0.0, 0.0, 0.0, 0.0, 0.0, 0.0, 0.0, 0.0, 0.0, 0.0, 0.0, 0.0, 0.0, 0.0, 0.0, 0.0, 0.0, 0.0, 0.0, 0.0, 0.0, 0.0, 0.0, 0.0, 0.0, 0.0, 0.0, 0.0, 0.0, 0.0, 0.0, 0.0, 0.0, 0.0, 0.0, 0.0, 0.0, 0.0, 0.0, 0.0, 0.0, 0.0, 0.0, 0.0, 0.0, 0.0, 0.0, 0.0, 0.0, 0.0, 0.0, 0.0, 0.0, 0.0, 0.0, 0.0, 0.0, 0.0, 0.0, 0.0, 0.0, 0.0, 0.0, 0.0, 0.0, 0.0, 0.0, 0.0, 0.0, 0.0, 0.0, 0.0, 0.0, 0.0, 0.0, 0.0, 0.0, 0.0, 0.0, 0.0, 0.0, 0.0, 0.0, 0.0, 0.0, 0.0, 0.0, 0.0, 0.0, 0.0]
[0.3669668436050415, 0.21878482401371002, -0.16396869719028473, -0.6450844407081604, -0.7996717095375061, -0.8692468404769897, -0.03806653246283531, -0.5494860410690308, -0.7998621463775635, -0.9025598168373108, -0.22076880931854248, -0.696069598197937, -0.6107615828514099, -0.763778030872345, -0.8569815754890442, 0.08883760124444962, -0.8282867074012756, -0.7266375422477722, -0.7214504480361938, -0.1545676440000534, -0.6051755547523499, 0.22588245570659637, -0.03956389054656029, 0.6735689043998718, -0.3853500187397003, 0.28356173634529114, -0.11460591852664948, 1.8624485731124878, 2.029064416885376, 0.41041818261146545, 0.4325232207775116, 1.6241415739059448, -0.46482858061790466, -0.1869618445634842, -0.32509344816207886, -0.4119929373264313, 1.9458807706832886, 0.45786842703819275, 0.839489758014679, 0.5144146680831909, 1.967371940612793, -0.44940176606178284, -0.12482275068759918, -1.4379514455795288, 1.4577515125274658, 0.18265797197818756, -0.6656976342201233, 0.4313466548919678, -10.081562042236328, 3.4954938888549805, -0.4140198528766632, 0.7681435346603394, 0.5206296443939209, 0.2209968864917755, -0.26503869891166687, 0.5114438533782959, 0.15303121507167816, 0.04025440663099289, -0.4325326085090637, 0.153069406747818, 0.2199917882680893, 0.10783502459526062, 0.6561172604560852, -0.2597138583660126, 1.0963484048843384, 0.4107663333415985, 0.13671548664569855, -0.091342031955719, 0.6890314817428589, 0.403393030166626, -0.17639687657356262, -0.042036376893520355, -0.006425003986805677, -0.3989580571651459, 0.5315758585929871, 0.2841424345970154, 0.5549556612968445, -0.6954501867294312, 0.35726216435432434, -0.06444493681192398, 0.29265961050987244, 0.3941960334777832, -0.786437451839447, -6.903417110443115, 1.4502453804016113, 0.0, -0.38999998569488525, 0.47999998927116394, -0.6623125672340393, 0.30807608366012573, -0.5883525013923645, 0.3468034863471985, 0.44741877913475037, -0.5453847050666809, -0.4860800802707672, 0.5158470273017883, -0.0177113339304924, -0.4515684247016907, 0.5170117020606995, 0.028665853664278984, -0.4814853370189667, 0.8745249509811401, -0.05055838078260422, 0.4048159122467041, 0.4434110224246979, 1.395101547241211, -22.80615234375, -2.335036277770996, 2.5231173038482666, 0.0014578544069081545, -0.45251068472862244, 0.5219434499740601, 0.016821209341287613, -0.4605085253715515, 0.8869177103042603, -0.032028768211603165, 0.21788103878498077, 0.2859898805618286, 0.7770566940307617, -6.2628984451293945, -0.46715766191482544, -0.233076274394989, 0.027396835386753082, -0.4479832947254181, 0.5176346302032471, 0.027860542759299278, -0.39556172490119934, 0.9159177541732788, -0.062042102217674255, 0.4946463406085968, 0.2871158719062805, 0.43206149339675903, -11.305665969848633, -1.227835774421692, 3.5651915073394775, 0.04222382605075836, -0.4428139925003052, 0.5128002762794495, -0.014433092437684536, -0.45587357878685, 0.8895972967147827, -0.02424035593867302, 0.06300308555364609, 0.35375916957855225, 1.2837724685668945, -10.4940185546875, -3.9719929695129395, -0.7922557592391968, -0.07681795209646225, -0.36921557784080505, 0.518944501876831, -0.1667300909757614, -0.5521796941757202, 0.801101565361023, 0.1597965657711029, 0.26724478602409363, 0.09303545951843262, 0.7913491725921631, -12.180068016052246, 0.3502233028411865, 1.9167388677597046, -2.256282329559326, -6.868093013763428, 1.2133933305740356, 0.11797548830509186, -0.011580483987927437, 0.004511395934969187, -1.529662013053894, -2.2167274951934814, 0.838546633720398, 0.007003494072705507, -0.0026343853678554296, 0.001547058462165296, -2.4113783836364746, -2.832077741622925, 0.6475648880004883, 0.06535385549068451, -0.011814800091087818, 0.008881979621946812, -1.1224766969680786, -5.757582664489746, 1.806823492050171, 0.050351765006780624, 0.004781290888786316, 0.012257052585482597, -2.1912999153137207, -5.284797668457031, 0.2965582311153412, 0.04438959062099457, -0.006975598633289337, 0.021321464329957962, -1.0, 1.0, -0.4917960464954376, 1.0, 1.0, 0.6749758124351501, 1.0, -1.0, -1.0, -1.0, 1.0, 1.0, 1.0, 1.0, -1.0, -1.0, 1.0, 1.0, -0.8355095982551575, 1.0]
[0.31782448291778564, 0.29078736901283264, -0.19185444712638855, -0.506159782409668, -0.6082629561424255, -0.8056573867797852, 0.058773379772901535, -0.4881826341152191, -0.8378355503082275, -0.9178892374038696, -0.19727279245853424, -0.6732270121574402, -0.5075184106826782, -0.6661818027496338, -0.8047263026237488, 0.07779960334300995, -0.6821441054344177, -0.6804699897766113, -0.727607250213623, -0.27728915214538574, -0.4883803129196167, 0.3306017518043518, -0.1710163652896881, 0.5665357112884521, -0.051831722259521484, 0.6516996026039124, 0.2835841476917267, 0.7207104563713074, 1.7289108037948608, 0.9615462422370911, 0.11363742500543594, 0.3482990264892578, -0.3156191110610962, -0.12408025562763214, 0.10623599588871002, 0.25277525186538696, 0.26559770107269287, 1.0425302982330322, 0.267037034034729, -0.14136920869350433, 1.3359497785568237, 1.0920809507369995, 0.09255295991897583, -1.55406653881073, 0.5042849183082581, 0.2888461649417877, -0.8764756321907043, -1.785871148109436, 8.106025695800781, 3.1723852157592773, 0.8050603866577148, -0.5322427153587341, -0.28390273451805115, -0.08235859870910645, -0.01958618313074112, 0.1633143126964569, 0.06291821599006653, 0.022051753476262093, 0.2958866059780121, 0.1924774944782257, -0.13741935789585114, -0.060252103954553604, 0.4315224289894104, 0.22717131674289703, 0.2312983274459839, 0.2704341411590576, 0.11884258687496185, -0.05909518897533417, -0.2588154673576355, -0.1517094522714615, 0.11493416130542755, -0.0348842479288578, -0.0056742653250694275, -0.3916972577571869, 0.542274534702301, 0.32709309458732605, 0.47987109422683716, -0.6602599024772644, 0.4762253761291504, -0.029243947938084602, 0.4723125100135803, 0.6530742645263672, -1.3487581014633179, 1.1330393552780151, -0.15728582441806793, 0.0, -0.38999998569488525, 0.47999998927116394, -0.6623125672340393, 0.30807608366012573, -0.5883525013923645, 0.3468034863471985, 0.5077701807022095, -0.6100371479988098, -0.36738625168800354, 0.4848211407661438, -0.01491388026624918, -0.4447380006313324, 0.5335580110549927, 0.024852022528648376, -0.32052889466285706, 0.9446002244949341, -0.06613563746213913, -0.1689610630273819, 0.7131876349449158, 1.0142967700958252, -20.06970977783203, -3.1288580894470215, -1.0599457025527954, 0.0021565223578363657, -0.4499224126338959, 0.5311811566352844, 0.011241712607443333, -0.4387895464897156, 0.8981826901435852, -0.02459854818880558, -0.004184376448392868, 0.19641660153865814, 0.6265865564346313, -2.785313129425049, -0.3155770003795624, -0.3049883246421814, 0.02949347160756588, -0.44453752040863037, 0.5271358489990234, 0.023279961198568344, -0.2932390868663788, 0.9533547163009644, -0.06770262122154236, -0.02559330128133297, 0.3345990777015686, 0.6916560530662537, -10.968716621398926, -1.4158045053482056, -0.23021744191646576, 0.04420996829867363, -0.43727460503578186, 0.5290936827659607, -0.0208841972053051, -0.3648364245891571, 0.930113673210144, -0.03669647127389908, -0.011980529874563217, 0.5890393853187561, 1.3152780532836914, -16.53386116027832, -1.9978368282318115, 0.30170682072639465, -0.07529426366090775, -0.36621561646461487, 0.5272599458694458, -0.13361291587352753, -0.4829195737838745, 0.8600015640258789, 0.09661003202199936, 0.14824193716049194, 0.2888839840888977, 0.5720425844192505, -10.557385444641113, 2.7445404529571533, 10.801985740661621, 4.737870693206787, 3.2549843788146973, -0.8477755784988403, -0.03353383019566536, 0.036677006632089615, -0.03275476023554802, -0.05375998467206955, -0.983544647693634, 0.306441068649292, 0.007298581767827272, -0.01340408343821764, 0.008744060061872005, 1.6887248754501343, 1.18853759765625, 0.3176080584526062, -0.0424240380525589, 0.0046959384344518185, -0.006313024088740349, 1.4558820724487305, -3.2492294311523438, 1.1597312688827515, 0.07010415196418762, 0.005260561592876911, 4.038192128064111e-05, 0.6492385268211365, 1.3139225244522095, -0.24791152775287628, -0.011146945878863335, -0.045272067189216614, 0.004961928818374872, 1.0, 1.0, -1.0, 0.3376748561859131, 0.3718394339084625, 1.0, -1.0, -1.0, -1.0, -0.9476184844970703, -1.0, 0.995538055896759, 0.8942257165908813, 0.6803669929504395, 0.6704792976379395, -1.0, -0.338539719581604, 1.0, -1.0, -1.0]
[0.33302319049835205, 0.3913925886154175, -0.13211257755756378, -0.3925749659538269, -0.5512996315956116, -0.6887598633766174, 0.14085358381271362, -0.5113968849182129, -0.8656330108642578, -0.9284682869911194, -0.2530869245529175, -0.6457488536834717, -0.535729169845581, -0.6117355227470398, -0.6751512289047241, 0.12697535753250122, -0.5332162976264954, -0.6545425653457642, -0.7137035131454468, -0.3944302797317505, -0.45638251304626465, 0.4419262409210205, -0.30677834153175354, 0.3470446467399597, 0.14045600593090057, 0.7435451149940491, 0.21413865685462952, 1.2443156242370605, -0.11529391258955002, 0.8200781941413879, 0.476030170917511, -0.5256757140159607, -0.23120036721229553, -0.0846872553229332, -0.4105827510356903, 0.25175485014915466, -0.5384085774421692, 0.0739382654428482, 0.7967305183410645, 0.3999440670013428, 1.4059319496154785, -0.20309551060199738, 0.04461164399981499, -1.3854867219924927, 0.08448409289121628, 0.26457053422927856, -0.8100747466087341, -2.148341655731201, 4.850265026092529, 0.853905200958252, 0.16299037635326385, 0.1863618791103363, -0.0778452455997467, -0.0683012455701828, 0.26788508892059326, -0.19224843382835388, -0.07859353721141815, -0.02800440415740013, 0.04857012629508972, 0.027227988466620445, -0.04673943296074867, -0.05494038760662079, 0.3929396867752075, 0.3061484098434448, 0.18088269233703613, -0.033279143273830414, -0.029414627701044083, 0.014265144243836403, -0.1382223516702652, -0.10221532732248306, 0.05617184564471245, 0.01835954189300537, -0.005869992543011904, -0.384025514125824, 0.5518978834152222, 0.28557145595550537, 0.45540904998779297, -0.6978679299354553, 0.4733200669288635, -0.007055987603962421, 0.443728506565094, 0.5510348677635193, -1.1984736919403076, 0.3983173668384552, -0.11280950158834457, 0.0, -0.38999998569488525, 0.47999998927116394, -0.6623125672340393, 0.30807608366012573, -0.5883525013923645, 0.3468034863471985, 0.4654676616191864, -0.6181045770645142, -0.3531448543071747, 0.5259044170379639, -0.017788046970963478, -0.4372527003288269, 0.5481314659118652, 0.013473810628056526, -0.18302024900913239, 0.9814090728759766, -0.056197378784418106, -0.266687273979187, 0.6900984048843384, 0.9115711450576782, -13.384621620178223, -1.4884113073349, -1.7019814252853394, -0.0007341777090914547, -0.44826239347457886, 0.5391032695770264, 0.001737504149787128, -0.43390223383903503, 0.9008932113647461, -0.010820881463587284, -0.3345749080181122, 0.059530872851610184, 0.39895734190940857, 0.5187943577766418, -0.4239695072174072, -3.0458121299743652, 0.02959475852549076, -0.44164520502090454, 0.5372651219367981, 0.024712026119232178, -0.2440670281648636, 0.9665511846542358, -0.07482948899269104, -0.004336336627602577, 0.2103111743927002, 0.6104452013969421, -2.6703670024871826, 0.10528865456581116, 1.3378585577011108, 0.03967178612947464, -0.428803414106369, 0.5484194159507751, -0.04868828505277634, -0.25346800684928894, 0.9654823541641235, -0.03502952679991722, -0.5330058336257935, 0.7347938418388367, 1.2185561656951904, -11.726295471191406, -4.2902021408081055, -2.9996535778045654, -0.07645951956510544, -0.3615178167819977, 0.5330738425254822, -0.06582729518413544, -0.4162544012069702, 0.9065701365470886, 0.023010551929473877, 0.05567380413413048, 0.39440998435020447, 0.4251662492752075, -9.63585376739502, 5.185689449310303, 10.24428939819336, 0.8875071406364441, 0.9503958225250244, 0.06088057905435562, -0.05404531583189964, 0.001690700650215149, -0.0035092851612716913, 1.533276915550232, 1.0474662780761719, -0.0980493351817131, -0.01229240745306015, 0.009291484020650387, -0.006604503840208054, 0.3207607567310333, 0.883623480796814, 0.00777658075094223, -0.041686031967401505, -0.0031145052053034306, 0.0033092813100665808, 2.1034464836120605, 0.3136475086212158, 0.5598341226577759, -0.0247099157422781, 0.016783900558948517, -0.006108185276389122, 0.992639422416687, 0.7082214951515198, -0.26749053597450256, -0.00866708904504776, 0.0024773147888481617, -0.0022333606611937284, 1.0, 1.0, 0.1800791323184967, 0.42831504344940186, -0.9921971559524536, 1.0, -1.0, -1.0, -1.0, -0.511114776134491, -1.0, 0.5550432801246643, 1.0, 0.3276815414428711, -1.0, -1.0, -0.49871623516082764, 1.0, -1.0, -1.0]
[0.3889559805393219, 0.4927687644958496, -0.15612496435642242, -0.24327141046524048, -0.5714071393013, -0.6571134328842163, 0.2615937292575836, -0.5316194891929626, -0.8895472288131714, -0.9373037815093994, -0.3632586598396301, -0.6078104376792908, -0.6016079187393188, -0.6225106716156006, -0.4938635230064392, 0.23905494809150696, -0.42001140117645264, -0.6926470994949341, -0.7188292741775513, -0.4700527489185333, -0.4465130865573883, 0.5371286869049072, -0.42481714487075806, 0.13038939237594604, 0.2586851716041565, 0.6953121423721313, -0.2678162753582001, 1.4539717435836792, -0.2177344560623169, 0.035685546696186066, 0.5110140442848206, 0.0023046673741191626, -0.20968110859394073, -0.0789274200797081, -0.4729154706001282, 0.40444016456604004, -0.6422258615493774, -0.18223461508750916, 0.8533633351325989, 0.5015395283699036, 0.8521990180015564, -0.43055757880210876, -0.10551919043064117, -0.690823495388031, 0.06681554764509201, 0.2201591283082962, -0.6827253699302673, -1.9218254089355469, 2.673248052597046, -0.655386745929718, -0.010945059359073639, -0.008448491804301739, -0.005101014859974384, -0.01825941726565361, 0.1025380864739418, 0.09865725040435791, 0.05176500231027603, 0.020735353231430054, 0.09278953820466995, -0.023615993559360504, -0.006634837482124567, -0.006572457496076822, -0.020787600427865982, 0.07710843533277512, -0.23351030051708221, -0.11051516234874725, -0.044158726930618286, 0.10964914411306381, -0.055621594190597534, -0.047420427203178406, -0.005540648475289345, 0.013199828565120697, -0.005964257288724184, -0.37711989879608154, 0.5596806406974792, 0.2555871903896332, 0.42885661125183105, -0.7247297167778015, 0.474893718957901, -0.005964022129774094, 0.4010498821735382, 0.44463050365448, -1.0399492979049683, 0.3992619812488556, -0.1552802175283432, 0.0, -0.38999998569488525, 0.47999998927116394, -0.6623125672340393, 0.30807608366012573, -0.5883525013923645, 0.3468034863471985, 0.43221357464790344, -0.6279473900794983, -0.33471131324768066, 0.5539332628250122, -0.021245993673801422, -0.4274222254753113, 0.5619502663612366, 0.009880085475742817, -0.09083063900470734, 0.9944512248039246, -0.05214228108525276, -0.20895637571811676, 0.8010486960411072, 0.7980513572692871, -9.811370849609375, -0.6056355237960815, 0.08782647550106049, -0.006984357256442308, -0.4458533525466919, 0.5471749901771545, -0.015692591667175293, -0.4255625903606415, 0.9046944379806519, 0.013348729349672794, -0.47360414266586304, 0.21738162636756897, 0.5408682823181152, -2.0148611068725586, -0.7445014119148254, -3.775313138961792, 0.028544753789901733, -0.4384212791919708, 0.5471606254577637, 0.03185989707708359, -0.22935210168361664, 0.9692631363868713, -0.08313451707363129, -0.08758561313152313, 0.23045846819877625, 0.5851870179176331, -1.4291303157806396, 0.62720787525177, 0.9832763075828552, 0.030686136335134506, -0.4195634424686432, 0.5645182728767395, -0.08869223296642303, -0.17969265580177307, 0.9794729948043823, -0.021836496889591217, -0.6683568954467773, 0.6610387563705444, 0.842536985874176, -6.826710224151611, -4.45290470123291, -3.3478004932403564, -0.07842735946178436, -0.3562624752521515, 0.5378578305244446, 0.014258436858654022, -0.3559938967227936, 0.934105634689331, -0.022621141746640205, 0.04319336265325546, 0.4212523102760315, 0.3423510491847992, -7.208535194396973, 7.813953876495361, 6.9325456619262695, -0.054271966218948364, 0.22995097935199738, -0.2082204669713974, -0.014810152351856232, -0.002995541784912348, 0.005717291031032801, 0.5761282444000244, -0.6706215143203735, -0.019809048622846603, 0.010676030069589615, 0.002193391788750887, -0.001920521492138505, 0.5324926972389221, 0.15228936076164246, -0.14060036838054657, -0.0042881169356405735, 0.0012719184160232544, -0.0021299344953149557, 0.6176227927207947, 1.5267634391784668, -0.4662361145019531, -0.021257277578115463, 0.0017652204260230064, -0.004634421784430742, 0.3522283136844635, 0.49333155155181885, 0.01461210660636425, -0.012199707329273224, 0.007564178667962551, -0.010682277381420135, 1.0, 1.0, -0.7165043950080872, 0.661773681640625, -0.7157584428787231, 1.0, -0.4191214442253113, -1.0, -1.0, -0.3415994942188263, -0.9980068206787109, 0.47663795948028564, 1.0, -0.03981233388185501, -1.0, -0.6851182579994202, -0.40333765745162964, 1.0, -1.0, -0.9821997880935669]
[0.465824693441391, 0.584128201007843, -0.25127989053726196, -0.0722695142030716, -0.5986994504928589, -0.6615189909934998, 0.37898460030555725, -0.501156747341156, -0.9100595712661743, -0.9451532363891602, -0.4701560139656067, -0.5585889220237732, -0.6488040685653687, -0.6409667134284973, -0.3507896363735199, 0.35318467020988464, -0.3493807315826416, -0.7386519312858582, -0.732392430305481, -0.5005822777748108, -0.41884392499923706, 0.6147340536117554, -0.5238534808158875, -0.025362515822052956, 0.3076307475566864, 0.6102792620658875, -0.4567590355873108, 1.6516590118408203, -0.2644263207912445, -0.075419120490551, 0.46851229667663574, 0.43735751509666443, -0.17354035377502441, -0.06712208688259125, -0.41949525475502014, 0.48597002029418945, -0.3242248594760895, -0.14366307854652405, 0.5468363165855408, 0.4532380700111389, 0.5409629940986633, -0.4231494069099426, -0.1368291825056076, -0.21038587391376495, 0.2739350199699402, 0.1790996491909027, -0.5701797008514404, -1.185571551322937, 0.987763524055481, -1.031870722770691, -0.004051876720041037, -0.042271245270967484, -0.012332465499639511, -0.005643779877573252, 0.018613966181874275, 0.03408999741077423, 0.026847660541534424, 0.012218956835567951, 0.059873662889003754, -0.06422160565853119, 0.006091294344514608, 0.008059773594141006, -0.2509653866291046, -0.02800263836979866, -0.2729456424713135, -0.10002031177282333, -0.03393366187810898, 0.08627848327159882, 0.00965395662933588, -0.0027065915055572987, -0.007922460325062275, 0.022670313715934753, -0.0060443454422056675, -0.37095335125923157, 0.5658240914344788, 0.22810086607933044, 0.4065854251384735, -0.7486740350723267, 0.47132307291030884, -0.00447738217189908, 0.3571145534515381, 0.3477711081504822, -0.8770274519920349, 0.4164893627166748, -0.2029884308576584, 0.0, -0.38999998569488525, 0.47999998927116394, -0.6623125672340393, 0.30807608366012573, -0.5883525013923645, 0.3468034863471985, 0.39983630180358887, -0.6342580318450928, -0.3218977451324463, 0.5781258940696716, -0.024510718882083893, -0.41522982716560364, 0.573875904083252, 0.011042986996471882, -0.00923191662877798, 0.9983024597167969, -0.056434448808431625, -0.1988217830657959, 0.9243189096450806, 0.6395038366317749, -9.583650588989258, -0.27732858061790466, 0.8144234418869019, -0.014252443797886372, -0.4413404166698456, 0.5564586520195007, -0.03459549322724342, -0.3996557891368866, 0.915153443813324, 0.039654042571783066, -0.4849209189414978, 0.3643113076686859, 0.604925811290741, -4.014339923858643, -0.5786736011505127, -3.8367249965667725, 0.026234937831759453, -0.434386670589447, 0.5565986037254333, 0.03888694941997528, -0.2091875970363617, 0.9731966257095337, -0.08727366477251053, -0.15311206877231598, 0.30712801218032837, 0.5605069994926453, -3.1550698280334473, 0.41221553087234497, 0.4944317936897278, 0.021509982645511627, -0.4114041328430176, 0.5755976438522339, -0.12241679430007935, -0.1347547173500061, 0.9832745790481567, -0.005140665452927351, -0.5740844011306763, 0.5264343023300171, 0.5407394766807556, -3.9567925930023193, -3.1326382160186768, -3.026087760925293, -0.08028171211481094, -0.3504168391227722, 0.5426544547080994, 0.08660512417554855, -0.30877161026000977, 0.9466392993927002, -0.0321502685546875, 0.010118105448782444, 0.444975346326828, 0.3095187544822693, -5.277325630187988, 7.377355098724365, 2.323115348815918, 0.005502707324922085, 0.17075949907302856, -0.29084888100624084, -0.003082387149333954, -0.0006571191479451954, 0.001954162959009409, 0.05608395114541054, -0.3119501769542694, -0.0825011283159256, 0.007539705373346806, -0.0008216468850150704, -0.00012243562377989292, 0.32722723484039307, -0.030397837981581688, -0.2077021300792694, 0.007603805512189865, 0.0018463110318407416, -0.0020536077208817005, -0.22872798144817352, 1.3960623741149902, -0.7175034880638123, -0.012992724776268005, -0.006043017376214266, -0.004224786069244146, 0.41582930088043213, 0.1707955002784729, 0.060766153037548065, -0.008428811095654964, 0.016017047688364983, -0.007716812193393707, 1.0, 1.0, -0.9455769658088684, 0.9507139325141907, -0.7611968517303467, 1.0, -0.1522907316684723, -1.0, -1.0, -0.2518092393875122, -0.7825260162353516, 0.08555540442466736, 0.9442757964134216, -0.11513269692659378, -1.0, -0.5298566818237305, -0.1577598601579666, 1.0, -1.0, -0.6085221767425537]
[0.547757089138031, 0.6508490443229675, -0.36413565278053284, 0.09597668051719666, -0.6273241639137268, -0.6703703999519348, 0.4837609827518463, -0.4350305497646332, -0.9261243343353271, -0.951339840888977, -0.5610397458076477, -0.49153491854667664, -0.6370360851287842, -0.6467769742012024, -0.27650153636932373, 0.4115420877933502, -0.3008175492286682, -0.7805644273757935, -0.7465850114822388, -0.5099384188652039, -0.38409149646759033, 0.6833662390708923, -0.6065017580986023, -0.09697026759386063, 0.3039949834346771, 0.378150075674057, -0.4670427441596985, 1.5000871419906616, -0.26285019516944885, -0.0858822911977768, 0.4092821776866913, 0.7046278119087219, -0.13243387639522552, -0.0502726212143898, -0.3484567701816559, 0.6966618895530701, 0.3399089574813843, 0.037394534796476364, 0.23131661117076874, 0.13430503010749817, 0.3989116847515106, -0.36646464467048645, -0.12696613371372223, -0.06483957171440125, 0.2339927703142166, 0.16195176541805267, -0.47439685463905334, -0.388062447309494, -0.6909652948379517, -2.6049489974975586, -0.012527460232377052, -0.22858025133609772, -0.07941997796297073, -0.02647237852215767, -0.048242151737213135, -0.12425348162651062, -0.03430332615971565, -0.00882678758352995, 0.006790849380195141, -0.12264426052570343, 0.009243306703865528, 0.016754932701587677, -0.4370950162410736, -0.14410699903964996, -0.3226768374443054, -0.10958879441022873, -0.03471598029136658, 0.06550019234418869, -0.1572386622428894, -0.07653560489416122, -0.004321803338825703, 0.02125590667128563, -0.008108686655759811, -0.36532968282699585, 0.5702103972434998, 0.20385247468948364, 0.3891359269618988, -0.7837741374969482, 0.43899354338645935, -0.2190098911523819, 0.3293305039405823, 0.21439576148986816, -0.6922069787979126, 1.443951964378357, -1.715219497680664, 0.0, -0.38999998569488525, 0.47999998927116394, -0.6623125672340393, 0.30807608366012573, -0.5883525013923645, 0.3468034863471985, 0.3489346504211426, -0.6393303275108337, -0.33406439423561096, 0.5982493758201599, -0.02767081931233406, -0.4030672609806061, 0.582036018371582, 0.013790508732199669, 0.06161583960056305, 0.9960092306137085, -0.06307879090309143, -0.1855393499135971, 0.8047395348548889, 0.34941205382347107, -7.601292610168457, -0.05518350750207901, 0.9279637932777405, -0.021111035719513893, -0.4356643557548523, 0.5647852420806885, -0.05103892460465431, -0.36455535888671875, 0.9274529218673706, 0.06576769798994064, -0.42085641622543335, 0.40799638628959656, 0.48295333981513977, -4.466202259063721, -0.16826215386390686, -3.602884292602539, 0.023220671340823174, -0.4292522966861725, 0.5649977326393127, 0.04228384420275688, -0.16197459399700165, 0.9818351864814758, -0.08930766582489014, -0.19235961139202118, 0.4320096969604492, 0.49059775471687317, -7.157436370849609, -0.5193706154823303, 0.4309520721435547, 0.014825900085270405, -0.40554606914520264, 0.5822951197624207, -0.14049012959003448, -0.1099691167473793, 0.9839258790016174, 0.007693971041589975, -0.34955400228500366, 0.3258809447288513, 0.29694774746894836, -1.9405406713485718, -1.227500557899475, -1.6890727281570435, -0.08180374652147293, -0.3449244201183319, 0.5465431809425354, 0.1319538652896881, -0.2776872217655182, 0.9513667821884155, -0.019468866288661957, -0.027933884412050247, 0.3402421772480011, 0.19804014265537262, -3.1336865425109863, 4.340950965881348, -0.5172300934791565, -0.07047092914581299, 1.029843807220459, -0.8963683247566223, -0.011024720966815948, 0.000810077995993197, 0.0004484602832235396, -0.36462873220443726, 0.5908060073852539, -0.3065328598022461, 3.5302255128044635e-05, -0.002749934559687972, 0.0008458007359877229, 0.014785678125917912, -0.04478507116436958, -0.4247543513774872, 0.016083156690001488, 0.0017342680366709828, -0.0001220721023855731, -0.9879670143127441, 1.5319384336471558, -1.0221480131149292, -0.011736903339624405, -0.011884840205311775, 0.0015114719280973077, 0.27093908190727234, 1.2651193141937256, -0.04388401284813881, -0.008718647062778473, 0.01692088693380356, 0.0028248203452676535, 1.0, 0.7743852138519287, -1.0, 0.9408859610557556, -0.791083812713623, 1.0, 0.021381044760346413, -1.0, -1.0, -0.03790518641471863, -0.31810739636421204, -0.18250665068626404, 0.5441703200340271, -0.12502658367156982, -1.0, -0.5163817405700684, -0.24104221165180206, 1.0, -1.0, -0.1912558525800705]
[0.6281271576881409, 0.6981562376022339, -0.468990296125412, 0.22378012537956238, -0.6170778870582581, -0.673457682132721, 0.5733829140663147, -0.3500249683856964, -0.9054166674613953, -0.9510091543197632, -0.636233389377594, -0.3567315638065338, -0.5752481818199158, -0.6342780590057373, -0.2519085109233856, 0.40178635716438293, -0.24279366433620453, -0.8172988891601562, -0.7595606446266174, -0.4853464663028717, -0.3588659167289734, 0.742752730846405, -0.6734148263931274, -0.12148595601320267, 0.29454928636550903, 0.309538334608078, -0.4101390540599823, 1.0116232633590698, 0.28193584084510803, 0.03849039971828461, 0.3457769453525543, 0.8356062173843384, 0.3649183213710785, 0.06683649122714996, -0.2867591977119446, 1.5522972345352173, 0.7018473148345947, 0.18418191373348236, 0.04832589626312256, -0.13510991632938385, 0.6090915203094482, -0.32271048426628113, -0.11589515209197998, 0.5003019571304321, 0.14919710159301758, 0.13542133569717407, -0.3818615972995758, -0.143085315823555, -0.44072118401527405, -0.587369441986084, 0.0012973789125680923, -0.2003006637096405, -0.043827783316373825, -0.0074654147028923035, -0.030926432460546494, -0.03149912878870964, 0.02570711076259613, 0.017627909779548645, 0.01242869347333908, 0.17136530578136444, 0.0978756844997406, 0.04251129925251007, -0.1562517285346985, -0.0865202471613884, -0.04815959930419922, -0.007383490446954966, -0.00034086930099874735, 0.09763579815626144, -0.10441910475492477, -0.05268727242946625, -0.03571874648332596, -0.002761739306151867, -0.011746136471629143, -0.3603939414024353, 0.5727720856666565, 0.17830999195575714, 0.3810561001300812, -0.8313456177711487, 0.36313381791114807, -0.21734404563903809, 0.2874920666217804, 0.12819615006446838, -0.43897390365600586, 1.3221906423568726, -1.751627802848816, 0.0, -0.38999998569488525, 0.47999998927116394, -0.6623125672340393, 0.30807608366012573, -0.5883525013923645, 0.3468034863471985, 0.2704242467880249, -0.6352410912513733, -0.38197413086891174, 0.6143577098846436, -0.030720965936779976, -0.3926357328891754, 0.586824893951416, 0.016194572672247887, 0.1278453916311264, 0.9892571568489075, -0.06901746243238449, -0.18385595083236694, 0.7013784050941467, 0.18903858959674835, -8.125771522521973, -0.21882398426532745, 0.8091357350349426, -0.026938915252685547, -0.4288986027240753, 0.5722347497940063, -0.06232862174510956, -0.31116756796836853, 0.9438674449920654, 0.09167365729808807, -0.33423712849617004, 0.5410624146461487, 0.5047971606254578, -7.748873710632324, 0.8230462074279785, -3.494741439819336, 0.01955963671207428, -0.42075857520103455, 0.5741048455238342, 0.040037691593170166, -0.06737075746059418, 0.9927096962928772, -0.0915721133351326, -0.25682854652404785, 0.816177248954773, 0.5982751846313477, -13.484211921691895, -1.8137845993041992, 0.699121356010437, 0.010631395503878593, -0.4006308913230896, 0.5870943069458008, -0.14446935057640076, -0.08840125799179077, 0.9854342341423035, 0.015268630348145962, -0.1985090672969818, 0.3409259021282196, 0.2758196294307709, -2.664520025253296, 0.20262569189071655, -1.0648561716079712, -0.08246584236621857, -0.34090742468833923, 0.5496342182159424, 0.16546329855918884, -0.26855382323265076, 0.948944091796875, 0.0023799671325832605, 0.033211927860975266, 0.19958344101905823, 0.1541217416524887, -0.3505486249923706, 4.591307163238525, -1.617408275604248, -0.005791039206087589, 0.601187527179718, -0.48812758922576904, 0.0015523984329774976, 0.0005825944826938212, -0.0011528944596648216, -0.29173702001571655, -0.28438806533813477, -0.09319306164979935, 0.013362090103328228, -0.002274072263389826, 0.0013429346727207303, 0.006868680939078331, -1.2412400245666504, 0.3379930257797241, 0.023892700672149658, 0.0010085044195875525, -0.0005925740697421134, -0.5816485285758972, 0.1265689730644226, -0.2660660445690155, 0.0015576654113829136, -0.006040350534021854, 0.0022702449932694435, -0.2686532437801361, 0.99495530128479, 0.36906445026397705, -0.010872485116124153, 0.0015367158921435475, 0.0008133599767461419, 1.0, 0.9112691879272461, -1.0, 0.7302587628364563, -0.36164039373397827, 1.0, 0.184044748544693, -0.5984081029891968, -1.0, 0.7582979202270508, -0.08077313005924225, -0.30038973689079285, 0.08574900031089783, 0.15526103973388672, -1.0, -0.17583568394184113, -0.28557121753692627, 1.0, -1.0, -0.16649316251277924]
[0.6729795932769775, 0.7368782162666321, -0.5548213124275208, 0.2815583050251007, -0.5472449064254761, -0.6589032411575317, 0.6298571825027466, -0.3115752339363098, -0.8208895921707153, -0.9324660301208496, -0.6934312582015991, -0.1689736694097519, -0.4638458490371704, -0.6038960814476013, -0.25886499881744385, 0.3227493166923523, -0.13631024956703186, -0.8497062921524048, -0.7714719772338867, -0.42649534344673157, -0.379955917596817, 0.7981062531471252, -0.7122941017150879, -0.13168217241764069, 0.08311505615711212, 0.24169330298900604, -0.269934743642807, 0.2280653566122055, 0.8048936724662781, 0.2123909443616867, 0.16199861466884613, 0.10059458017349243, 0.9948254823684692, 0.26911982893943787, -0.21377694606781006, 1.8429054021835327, 1.2085729837417603, 0.47047004103660583, -0.07024957984685898, -0.43399515748023987, 1.1901582479476929, -0.28022393584251404, -0.10486616939306259, 0.8488176465034485, -0.324262410402298, 0.12816379964351654, -0.169148251414299, -0.06954523921012878, -4.315431594848633, -0.8046658039093018, -0.03902505338191986, -0.3470737934112549, -0.1107771024107933, -0.03114430420100689, -0.20744295418262482, -0.2776281535625458, -0.07596537470817566, -0.017518986016511917, -0.1094825267791748, 0.0004665023589041084, 0.02887232042849064, 0.02826594188809395, -0.19867919385433197, -0.1826663464307785, 0.05384005606174469, 0.03511780500411987, 0.014995921403169632, 0.11675672233104706, -0.29736560583114624, -0.1405307501554489, -0.061536114662885666, -0.012005815282464027, -0.01498589850962162, -0.3558809161186218, 0.5737864375114441, 0.15615513920783997, 0.3778407573699951, -0.8686394691467285, 0.2798522710800171, 0.007029153406620026, 0.39588257670402527, -0.04078692942857742, -0.1187366396188736, 2.284348249435425, -2.264629602432251, 0.0, -0.38999998569488525, 0.47999998927116394, -0.6623125672340393, 0.30807608366012573, -0.5883525013923645, 0.3468034863471985, 0.19420136511325836, -0.6223644018173218, -0.4349517822265625, 0.621100127696991, -0.032201897352933884, -0.3853786289691925, 0.5894677639007568, 0.016774747520685196, 0.19368958473205566, 0.9778439998626709, -0.07761368155479431, -0.049245648086071014, 0.4186534583568573, 0.062302134931087494, -7.3374505043029785, -0.40645772218704224, 1.2558531761169434, -0.029882628470659256, -0.4233526885509491, 0.5776148438453674, -0.06511741131544113, -0.24641290307044983, 0.9607731103897095, 0.1093403548002243, -0.07300783693790436, 0.37054944038391113, 0.3017873466014862, -7.814965724945068, 1.4573965072631836, -1.6691735982894897, 0.01678386889398098, -0.4081408679485321, 0.5827603340148926, 0.03229935094714165, 0.07235713303089142, 0.9920006394386292, -0.09826453030109406, -0.16558492183685303, 1.1073755025863647, 0.40822985768318176, -18.43333625793457, -2.918745279312134, 1.9667046070098877, 0.009914752095937729, -0.3939312696456909, 0.5919384956359863, -0.1363036036491394, -0.051228854805231094, 0.9892567992210388, 0.01295848935842514, 0.07741418480873108, 0.5273712873458862, 0.2962501645088196, -5.3408379554748535, 1.528801441192627, 0.24581995606422424, -0.0817173644900322, -0.34029340744018555, 0.5514380931854248, 0.1941772699356079, -0.28161534667015076, 0.9395589828491211, 0.0147220054641366, 0.11957966536283493, -0.10055475682020187, 0.020851073786616325, 2.6799190044403076, 3.310633420944214, -0.1490698754787445, -0.43349725008010864, 1.4987716674804688, -0.8702120780944824, -0.008662732318043709, 0.002061490435153246, -0.0008009353769011796, -1.2881602048873901, 1.0960829257965088, -0.3446251153945923, -0.0010777425486594439, -0.006662910804152489, 0.00683786254376173, -0.7293709516525269, -0.43363338708877563, -0.060380540788173676, 0.021761439740657806, 0.0009038731222972274, 0.0041045695543289185, -1.113581657409668, -0.501997709274292, -0.31081873178482056, 0.007465955801308155, -0.0054095895029604435, 0.007914351299405098, -0.7437578439712524, 2.1647675037384033, 0.6027230024337769, -0.008118277415633202, -0.00010568422294454649, 0.013339499942958355, 0.27859747409820557, 0.858772337436676, -1.0, 0.29801493883132935, 0.03096707910299301, 0.7074471712112427, -0.4041861295700073, -0.13571156561374664, -0.9923866987228394, 1.0, 0.34397900104522705, -0.4104189872741699, -0.4388371407985687, 0.6918012499809265, -1.0, 0.015882711857557297, -0.7959924340248108, 1.0, -0.8227373957633972, -0.16269372403621674]
[0.6184004545211792, 0.7755938172340393, -0.6140109300613403, 0.2458733767271042, -0.41061094403266907, -0.5949179530143738, 0.5578533411026001, -0.31292247772216797, -0.6963039636611938, -0.8887416124343872, -0.7803349494934082, -0.0391581654548645, -0.3670552372932434, -0.5452002286911011, -0.20887243747711182, 0.2994702458381653, 0.046524252742528915, -0.8435227274894714, -0.7733151316642761, -0.35698744654655457, -0.44767269492149353, 0.8449615240097046, -0.6802495718002319, -0.10956039279699326, -0.4125590920448303, 0.28577274084091187, -0.21379850804805756, -0.588310182094574, 1.4898681640625, 1.1255630254745483, -0.5726556181907654, -0.10402820259332657, 1.235935091972351, 0.697211742401123, -0.38058048486709595, 1.0862172842025757, 0.9488826990127563, 0.869774341583252, 0.3213585913181305, -0.11449020355939865, 1.824989676475525, 0.17394712567329407, 0.039437808096408844, 0.8588311076164246, -0.5815844535827637, 0.10272330045700073, 0.3895762860774994, 0.34742283821105957, -10.201984405517578, 0.3182731568813324, -0.1491164118051529, -0.28182703256607056, -0.07022635638713837, 0.023884328082203865, -0.5492770671844482, -0.0694952979683876, -0.021008741110563278, 0.018559454008936882, -0.2532101571559906, -0.09387195110321045, -0.026766043156385422, 0.02061481773853302, -0.06405477225780487, -0.3506264388561249, 0.14211681485176086, 0.07875846326351166, 0.03354151174426079, 0.1139339730143547, -0.24030688405036926, -0.10965952277183533, -0.07931709289550781, -0.0012763391714543104, -0.012835914269089699, -0.3517790734767914, 0.5733476877212524, 0.11966276168823242, 0.38609379529953003, -0.8903339505195618, 0.20956569910049438, 0.2145855575799942, 0.1677180379629135, -0.019938433542847633, -0.025378717109560966, 1.1261906623840332, -0.5981621146202087, 0.0, -0.38999998569488525, 0.47999998927116394, -0.6623125672340393, 0.30807608366012573, -0.5883525013923645, 0.3468034863471985, 0.1331661194562912, -0.5907467007637024, -0.47805240750312805, 0.6362004280090332, -0.029513578861951828, -0.38279756903648376, 0.5909764170646667, 0.011583399027585983, 0.2674005925655365, 0.9586213231086731, -0.09699352085590363, 0.2480432242155075, 0.21460206806659698, -0.009187669493258, -11.38011360168457, -1.3196059465408325, 3.7999794483184814, -0.02519584260880947, -0.4200342893600464, 0.581891655921936, -0.05089857801795006, -0.17246027290821075, 0.9792349934577942, 0.0936245247721672, 0.5853937864303589, 0.28138476610183716, 0.30301669239997864, -10.309454917907715, 2.98828125, 4.1120758056640625, 0.019109146669507027, -0.3971208333969116, 0.5878711938858032, 0.023394696414470673, 0.19377905130386353, 0.9728541970252991, -0.12432608008384705, 0.21030254662036896, 0.8778281211853027, 0.16364499926567078, -15.498152732849121, -2.5898923873901367, 5.195871353149414, 0.011046751402318478, -0.3805416524410248, 0.5974780917167664, -0.14073771238327026, 0.037511251866817474, 0.989317774772644, 0.005999735090881586, 0.17254994809627533, 1.0853952169418335, 0.2878390848636627, -12.291110038757324, -0.7621076703071594, 0.15902550518512726, -0.0792718231678009, -0.3435658812522888, 0.5515801310539246, 0.19619786739349365, -0.3027344048023224, 0.932598888874054, 0.010838898830115795, 0.1885734498500824, -0.3133104741573334, -0.0410270020365715, 2.6858034133911133, -1.4276504516601562, 0.34829381108283997, -1.366898536682129, 0.6488502025604248, -0.5628274083137512, 0.03361707925796509, 0.005145221017301083, 0.00900219101458788, -3.1944918632507324, -0.04731542617082596, -0.24191400408744812, 0.017849722877144814, -0.01593826152384281, 0.022184280678629875, -1.6228677034378052, 0.13062788546085358, -0.1116340309381485, 0.02257423661649227, 0.003363345516845584, 0.008500535972416401, -1.934486746788025, -1.192967176437378, -0.13599100708961487, 0.015647005289793015, -0.0023773943539708853, 0.022127686068415642, -0.805566668510437, 1.4599727392196655, 1.037662148475647, 0.004393423441797495, 0.011612730100750923, 0.01485799252986908, -1.0, 1.0, -1.0, -0.3808921277523041, 0.5452912449836731, -0.6310269236564636, -0.3705427348613739, 0.07075033336877823, -1.0, 1.0, 0.6603977680206299, -0.2891700267791748, -1.0, 1.0, -0.7908908128738403, 0.039072077721357346, -1.0, 1.0, -0.19766481220722198, 0.17012722790241241]
[0.46949461102485657, 0.8184662461280823, -0.6528075933456421, 0.1402389109134674, -0.27985888719558716, -0.43883734941482544, 0.3655722737312317, -0.36689478158950806, -0.6405254006385803, -0.796186625957489, -0.8419444561004639, 0.033698439598083496, -0.27556750178337097, -0.41936197876930237, -0.1479760855436325, 0.18903997540473938, 0.21502889692783356, -0.7461019158363342, -0.7553861141204834, -0.34346330165863037, -0.5307402610778809, 0.8765423893928528, -0.6241158843040466, -0.07681236416101456, -0.6599919199943542, 0.30075186491012573, -0.17305722832679749, -1.2283800840377808, 1.0512981414794922, 1.5435471534729004, -0.8980769515037537, -0.6984333395957947, 0.1269918531179428, 0.7377443313598633, -0.16654501855373383, 0.49020305275917053, 0.8322860598564148, 1.2649635076522827, 0.23859427869319916, -0.6850584149360657, 1.415791392326355, 1.2774536609649658, 0.3119373321533203, -0.20380137860774994, -0.6014528274536133, 0.06540688127279282, 0.3263712227344513, 0.2796576917171478, -4.80726957321167, -0.025621090084314346, -0.0821455866098404, -0.24733486771583557, -0.13581843674182892, -0.04861462116241455, -0.2035323530435562, -0.1615528017282486, -0.14624153077602386, -0.07336244732141495, -0.09152255952358246, -0.17404574155807495, -0.09146217256784439, -0.033466652035713196, -0.20896172523498535, -0.2592466473579407, -0.1603991985321045, 0.0029151863418519497, 0.016648883000016212, -0.11773556470870972, -0.00620721559971571, -0.0007268876652233303, -0.0013356050476431847, -0.00028124486561864614, -0.007837070152163506, -0.351148396730423, 0.5731015801429749, 0.09038151800632477, 0.39353835582733154, -0.8945637941360474, 0.19160962104797363, 0.36296722292900085, -0.028116241097450256, -0.0038660839200019836, 0.03078388050198555, 0.5981159210205078, 0.27214789390563965, 0.0, -0.38999998569488525, 0.47999998927116394, -0.6623125672340393, 0.30807608366012573, -0.5883525013923645, 0.3468034863471985, 0.11419560015201569, -0.5682069063186646, -0.4859936237335205, 0.6541486382484436, -0.022591808810830116, -0.3844151496887207, 0.5922036170959473, -0.0018127253279089928, 0.3465460240840912, 0.9295139312744141, -0.1261204034090042, 0.44033870100975037, -0.11445315182209015, -0.01957574114203453, -8.120960235595703, -1.3597521781921387, 4.684508323669434, -0.013881798833608627, -0.42057493329048157, 0.5842333436012268, -0.029233476147055626, -0.12471318244934082, 0.9908526539802551, 0.042461298406124115, 0.8250637054443359, -0.09215859323740005, 0.08644993603229523, -2.4024744033813477, 1.501379132270813, 7.46812629699707, 0.024885112419724464, -0.38797125220298767, 0.5911514759063721, 0.00418546237051487, 0.31480997800827026, 0.9357798099517822, -0.1587236523628235, 0.28741687536239624, 0.6528451442718506, 0.019499456509947777, -13.795002937316895, -3.5667200088500977, 5.482202053070068, 0.01586330309510231, -0.3647198975086212, 0.6011443138122559, -0.14526432752609253, 0.1652698963880539, 0.9752027988433838, -0.02373850904405117, 0.3400346338748932, 1.1739373207092285, 0.04835280403494835, -17.4967098236084, -0.44307857751846313, 2.238694667816162, -0.07570028305053711, -0.348102331161499, 0.5507313013076782, 0.17512480914592743, -0.3028648793697357, 0.9366697072982788, -0.01593196950852871, 0.2103421688079834, -0.2461293339729309, -0.034119848161935806, -0.6663913726806641, -4.429571151733398, 3.318675994873047, -0.6748260259628296, 1.6379497051239014, -0.9484939575195312, -0.02404537796974182, 0.004083533305674791, 0.006782189942896366, -1.240281343460083, 1.8878974914550781, -0.37401652336120605, -0.045043978840112686, -0.004181594122201204, 0.008667401038110256, -0.5622431039810181, 1.1149260997772217, -0.684464693069458, -0.016742760315537453, 0.002232474274933338, 0.0003698203945532441, -1.1626636981964111, -0.028484761714935303, -0.4113476276397705, 0.016221610829234123, -0.0036148985382169485, 0.013884283602237701, -0.20103895664215088, -0.28120094537734985, 0.018484629690647125, 0.01843094453215599, 0.0029353753197938204, 0.010965114459395409, -1.0, 1.0, -1.0, -0.853456437587738, 0.21666428446769714, -1.0, -0.8940922617912292, -0.7858691811561584, -1.0, 0.19346749782562256, 0.17008648812770844, 0.058218806982040405, -1.0, 1.0, 0.20250436663627625, -0.5834676027297974, -1.0, 1.0, -0.3460652232170105, 0.07964529097080231]
[0.2995931804180145, 0.8453452587127686, -0.6981986165046692, 0.037361301481723785, -0.17823094129562378, -0.2957165241241455, 0.17775599658489227, -0.4362049996852875, -0.6375977396965027, -0.7574640512466431, -0.874839723110199, 0.012504379265010357, -0.2373514622449875, -0.3180501461029053, -0.11171390861272812, 0.03526763245463371, 0.3005688190460205, -0.5946190357208252, -0.7110156416893005, -0.40475815534591675, -0.6079057455062866, 0.8990866541862488, -0.5438352227210999, -0.017676590010523796, -0.6130791306495667, 0.10747378319501877, -0.2035062313079834, -0.8161016702651978, 0.8799657821655273, 1.1661471128463745, -0.7017752528190613, -0.5987237095832825, -0.026343895122408867, 0.11726228147745132, -0.1170559674501419, -0.5784258246421814, 0.08762292563915253, 0.5645440220832825, 0.12286235392093658, -0.5937493443489075, 0.45132899284362793, 1.455244541168213, 0.4743731617927551, -1.050382375717163, -0.5282551646232605, 0.0501759834587574, 0.5883654952049255, 0.6859968900680542, 1.4322967529296875, -2.2206573486328125, 0.030193857848644257, 0.01781780645251274, 0.006036793347448111, -0.012375421822071075, 0.1425134688615799, -0.10320080816745758, -0.03642846271395683, -0.02864862233400345, 0.04221644997596741, -0.378054141998291, -0.1952228546142578, -0.10204306989908218, -0.27256643772125244, -0.0003573832509573549, -0.4084003269672394, -0.16366049647331238, -0.0543796680867672, -0.11709059774875641, 0.03760639578104019, 0.021395299583673477, 0.08937960863113403, 0.03605734929442406, -0.0017683652695268393, -0.3522438406944275, 0.5720173716545105, 0.0710730254650116, 0.40312856435775757, -0.8892186284065247, 0.20427004992961884, 0.3605918288230896, -0.08049038052558899, -0.08110306411981583, 0.19346491992473602, 0.2426922768354416, 0.5801293253898621, 0.0, -0.38999998569488525, 0.47999998927116394, -0.6623125672340393, 0.30807608366012573, -0.5883525013923645, 0.3468034863471985, 0.12317374348640442, -0.5538809299468994, -0.4770943224430084, 0.6711373329162598, -0.014429038390517235, -0.3869948089122772, 0.5924795269966125, -0.019005704671144485, 0.40428856015205383, 0.9007201194763184, -0.1577746421098709, 0.4073992073535919, -0.08331955969333649, -0.09519646316766739, -6.401598930358887, -1.528313159942627, 4.5818915367126465, -0.0013185141142457724, -0.4226483404636383, 0.5843173265457153, -0.010419316589832306, -0.12788672745227814, 0.9916492104530334, -0.012966334819793701, 0.7656658887863159, -0.14472723007202148, -0.05438418313860893, 1.8894972801208496, 1.3074438571929932, 6.370267391204834, 0.03224094212055206, -0.38504698872566223, 0.5923189520835876, -0.011762025766074657, 0.3648059070110321, 0.911669909954071, -0.18877579271793365, 0.4238146245479584, -0.014010507613420486, 0.0008549520862288773, -0.8407619595527649, -0.11245651543140411, 3.670132875442505, 0.02119932509958744, -0.353523850440979, 0.6016983985900879, -0.15281327068805695, 0.2828408181667328, 0.9449803829193115, -0.060508426278829575, 0.24015605449676514, 0.6335614919662476, -0.1589748114347458, -13.073532104492188, -1.5041314363479614, 2.581249237060547, -0.07289557158946991, -0.3521411120891571, 0.5487551689147949, 0.11807285249233246, -0.2819952666759491, 0.9505087733268738, -0.055410824716091156, 0.02869730070233345, -0.19068528711795807, -0.09063845872879028, -2.180173873901367, -9.970059394836426, 2.4703004360198975, 0.262797474861145, -0.08984185755252838, -0.2965621054172516, -0.01372305117547512, 0.00027739437064155936, -0.0006069663795642555, 0.6642645597457886, 0.6910638809204102, -0.43339040875434875, -0.01828266680240631, 0.003266178537160158, -0.006482450291514397, 0.3804490268230438, 2.257819652557373, -2.000793695449829, -0.06817577034235, -0.00023011740995571017, -0.00312794279307127, 0.2821701467037201, 2.1182165145874023, -1.1609067916870117, -0.022606419399380684, -0.00284755090251565, -0.006881921552121639, 1.1250834465026855, -0.13225209712982178, -0.9030317068099976, 0.007404422387480736, 0.01805601455271244, 0.003969081211835146, -0.4830693304538727, 0.764664351940155, -1.0, -0.40039175748825073, 0.305600106716156, -0.656186044216156, -0.7840954661369324, -0.684489369392395, -1.0, -0.5956013798713684, -0.34920135140419006, -0.1172592043876648, -0.7026968598365784, 0.347631573677063, 0.2711123824119568, -1.0, -1.0, 1.0, 0.07600097358226776, 0.4681970179080963]
[0.2123490273952484, 0.7961814403533936, -0.7516114711761475, 0.07331022620201111, -0.154474675655365, -0.21140845119953156, 0.1516197770833969, -0.42613181471824646, -0.6692854166030884, -0.7580660581588745, -0.9045650362968445, -0.09119245409965515, -0.273826539516449, -0.2993115484714508, -0.0784756988286972, -0.02297084406018257, 0.22826310992240906, -0.5003707408905029, -0.6480560302734375, -0.4936892092227936, -0.6706126928329468, 0.9214631915092468, -0.4518180191516876, 0.03414894640445709, -0.11664827913045883, -0.6356488466262817, -0.22347481548786163, 0.9431158304214478, -0.12055151909589767, 0.3637537658214569, 0.22239534556865692, 0.451334685087204, -0.4291517436504364, -0.08789750188589096, -0.12096516042947769, -1.188476800918579, -0.5706517696380615, -0.05390961095690727, 0.12917767465114594, -0.04035594314336777, -1.3021928071975708, 0.5418971180915833, 0.691765546798706, -1.1136151552200317, -0.42400509119033813, 0.05072544142603874, 0.5570576190948486, 0.37055328488349915, 10.220308303833008, -9.92380142211914, 0.19820855557918549, 0.08913184702396393, 0.03889300674200058, -0.020219339057803154, 0.608708381652832, -0.3466242551803589, -0.11294760555028915, -0.03794942796230316, 0.2649620473384857, -0.5897451639175415, -0.21172860264778137, -0.07952103018760681, -0.5339969396591187, 0.283589243888855, -0.9122479557991028, -0.4117494225502014, -0.13923509418964386, 0.015278009697794914, -0.12976688146591187, -0.06309805810451508, 0.1486438810825348, 0.023545775562524796, 0.00414460152387619, -0.3540131151676178, 0.5697857141494751, 0.051518749445676804, 0.4198168218135834, -0.8803139925003052, 0.2148183286190033, 0.3497435748577118, -0.12005376070737839, -0.14163395762443542, 0.3938015401363373, 0.5109698176383972, 0.4201221168041229, 0.0, -0.38999998569488525, 0.47999998927116394, -0.6623125672340393, 0.30807608366012573, -0.5883525013923645, 0.3468034863471985, 0.1359403431415558, -0.5339406132698059, -0.4728286862373352, 0.6876487135887146, -0.010708797723054886, -0.38789233565330505, 0.5897603631019592, -0.036034222692251205, 0.4405725598335266, 0.8791971206665039, -0.17779122292995453, 0.010636905208230019, -0.019060272723436356, -0.29296422004699707, -2.409386157989502, -1.349679708480835, 2.1916110515594482, 0.00408993661403656, -0.42538899183273315, 0.5804838538169861, -0.00500468909740448, -0.15095072984695435, 0.988065242767334, -0.030263978987932205, 0.056772030889987946, -0.2623631954193115, -0.37187039852142334, 3.5277230739593506, -0.055077821016311646, -0.4396154284477234, 0.03865048661828041, -0.3924792408943176, 0.588092565536499, -0.008346930146217346, 0.30685243010520935, 0.9288733005523682, -0.20728272199630737, 0.3551282584667206, -0.8393223881721497, -0.3159351646900177, 11.425739288330078, 4.072082996368408, 0.10093559324741364, 0.024430759251117706, -0.3574676215648651, 0.5999640226364136, -0.16148318350315094, 0.30296722054481506, 0.9360765218734741, -0.07677686214447021, 0.13101528584957123, -0.7154183387756348, -0.1290709227323532, 3.1110007762908936, -0.10593907535076141, 1.0263584852218628, -0.07247954607009888, -0.35622039437294006, 0.5441262125968933, 0.04993938282132149, -0.27537479996681213, 0.9559404850006104, -0.08861369639635086, -0.15398292243480682, -0.26959672570228577, -0.35161346197128296, 1.6096066236495972, -8.216996192932129, 0.8830103874206543, 1.8089581727981567, -1.077138900756836, -0.9509152173995972, -0.03637642413377762, -0.005210393574088812, -0.011122479103505611, 3.4676570892333984, 1.7040787935256958, -1.7796648740768433, -0.01238824613392353, 0.014213325455784798, -0.0278361476957798, 2.0983870029449463, 1.4227484464645386, -3.8786556720733643, -0.05817980319261551, -0.0019829156808555126, -0.012217236682772636, 2.0641610622406006, 4.8745317459106445, -3.5493502616882324, -0.06611713021993637, -0.010333572514355183, -0.02738824114203453, 1.5655077695846558, 1.6279178857803345, -1.688338279724121, -0.022815976291894913, -0.0015023411251604557, -0.01021225843578577, 1.0, -0.4889940023422241, -1.0, 0.9490563869476318, -0.39061248302459717, 1.0, -0.011178141459822655, -1.0, -1.0, -1.0, -0.7537141442298889, -0.19032105803489685, 0.220514714717865, -1.0, -0.40230345726013184, -1.0, -1.0, 1.0, 0.0664474219083786, 0.20557190477848053]
[0.22538122534751892, 0.6601911783218384, -0.8005715012550354, 0.20013388991355896, -0.21207886934280396, -0.2070026397705078, 0.23939940333366394, -0.2939709424972534, -0.7193453907966614, -0.7723233699798584, -0.9300013780593872, -0.220816507935524, -0.34712061285972595, -0.31618666648864746, -0.046279095113277435, -0.024008117616176605, 0.06895479559898376, -0.5134626030921936, -0.6011689901351929, -0.5692694783210754, -0.7222944498062134, 0.9408199191093445, -0.3560085892677307, 0.051318347454071045, 0.16646941006183624, -1.16732919216156, -0.18495291471481323, 1.2807114124298096, -0.7471050024032593, -0.14312194287776947, 0.44130244851112366, 1.6277878284454346, -0.4723462164402008, -0.15435101091861725, -0.0938250795006752, -1.220182180404663, -0.7359251379966736, -0.2167332023382187, 0.12909001111984253, 0.019869407638907433, -1.5831809043884277, -0.47955113649368286, 0.10217728465795517, -0.8300341963768005, -0.35440242290496826, 0.04102633148431778, 0.6085898876190186, 0.0485200360417366, 5.655989646911621, -4.876976490020752, 0.10385897755622864, -0.10994075238704681, -0.049420066177845, -0.0287371464073658, 0.2603034973144531, -0.04310479015111923, 0.01342325285077095, 0.009265256114304066, 0.18347419798374176, -0.2219093143939972, -0.0670820102095604, -0.021258968859910965, -0.2553366422653198, 0.13175645470619202, -0.29796066880226135, -0.17280934751033783, -0.09162485599517822, 0.04984329640865326, -0.058795265853405, -0.0353531651198864, 0.08045175671577454, 0.00934889167547226, 0.01000557653605938, -0.35651499032974243, 0.5664803981781006, 0.027087640017271042, 0.4450324475765228, -0.868728518486023, 0.2156919538974762, 0.3498683273792267, -0.1626983880996704, -0.21337765455245972, 0.5536672472953796, 0.7819452285766602, 0.26035019755363464, 0.0, -0.38999998569488525, 0.47999998927116394, -0.6623125672340393, 0.30807608366012573, -0.5883525013923645, 0.3468034863471985, 0.14645105600357056, -0.5034176707267761, -0.47747084498405457, 0.7050846815109253, -0.011823896318674088, -0.390232115983963, 0.5830788612365723, -0.04492229223251343, 0.42944079637527466, 0.8831397294998169, -0.18337568640708923, -0.14711353182792664, -0.2508564889431, -0.44648054242134094, 3.9689552783966064, 0.15605416893959045, 0.2001790553331375, 0.002077460289001465, -0.4276016652584076, 0.5734020471572876, -0.009731288999319077, -0.16463549435138702, 0.9862136840820312, -0.013522863388061523, -0.2532358169555664, -0.1106366366147995, -0.4899923503398895, 0.8708580732345581, -0.19304025173187256, -3.059417963027954, 0.04204094409942627, -0.40712660551071167, 0.5761339664459229, 0.006181295029819012, 0.1862412840127945, 0.9596092700958252, -0.21077460050582886, 0.20222066342830658, -1.178501844406128, -0.8165122270584106, 15.673789024353027, 5.151077747344971, -1.3875950574874878, 0.026092099025845528, -0.3742084503173828, 0.5942087173461914, -0.16134673357009888, 0.2212781459093094, 0.9585782289505005, -0.07830033451318741, 0.08913920819759369, -1.3829396963119507, -0.3822709918022156, 14.689058303833008, 2.289710760116577, 1.8847376108169556, -0.07437673211097717, -0.36035022139549255, 0.5364638566970825, -0.006203813012689352, -0.2979998290538788, 0.9488386511802673, -0.10422439128160477, -0.23304057121276855, -0.30477821826934814, -0.5647462010383606, 4.854766845703125, -5.644942283630371, -0.7381102442741394, 1.019385814666748, -0.023874172940850258, -1.2116317749023438, -0.029095258563756943, -0.0038041837979108095, -0.007176395505666733, 1.4757074117660522, -0.05420283228158951, -0.6875501871109009, 0.008452213369309902, 0.004031655378639698, -0.01033705472946167, 1.2633757591247559, 0.34402814507484436, -1.6773486137390137, -0.016098547726869583, 7.102477684384212e-05, -0.007558546494692564, 1.029184341430664, 2.281597137451172, -1.5913642644882202, -0.0574009083211422, -0.006012110039591789, -0.01053062453866005, 0.8419181108474731, 0.8526660203933716, -0.8055219054222107, -0.016361434012651443, -0.004121794365346432, -0.010170411318540573, 1.0, -0.5995230674743652, -1.0, 1.0, -0.767183244228363, 1.0, 0.8835068345069885, -1.0, -1.0, -1.0, -0.8190556168556213, -0.04487493634223938, 0.0735061764717102, -1.0, -1.0, -0.8998550176620483, -1.0, 1.0, 0.21859757602214813, 0.026790635660290718]
[0.28447821736335754, 0.4961213171482086, -0.8369731903076172, 0.33012163639068604, -0.3155418336391449, -0.23328492045402527, 0.3497411906719208, -0.138466939330101, -0.7353105545043945, -0.7836726903915405, -0.9477654099464417, -0.29824593663215637, -0.379259318113327, -0.33493849635124207, -0.0865795761346817, -0.06099647283554077, -0.08488847315311432, -0.5477859973907471, -0.6051220893859863, -0.5854343175888062, -0.7452784180641174, 0.9492552876472473, -0.2629835903644562, 0.05111392214894295, 0.28879258036613464, -1.1785200834274292, -0.13075514137744904, 1.1582149267196655, -1.0632094144821167, -0.31630656123161316, 0.4569060504436493, 1.34221351146698, 0.02599094621837139, -0.04586588218808174, -0.06497908383607864, -0.4316195547580719, -0.055121421813964844, -0.10076776891946793, -0.3700675666332245, -0.18050627410411835, -1.4656579494476318, -0.27131208777427673, -0.08198472112417221, 0.13531894981861115, -0.06225263699889183, 0.012745297513902187, 0.5510772466659546, -0.029379133135080338, 2.988591432571411, 0.2068299949169159, 0.04863502085208893, -0.017962658777832985, -0.02694244310259819, -0.01666387915611267, 0.12169285118579865, -0.11755171418190002, -0.011599455028772354, 0.003357937093824148, 0.10439171642065048, 0.24576067924499512, 0.15095140039920807, 0.06199382618069649, -0.17838285863399506, -0.03219219297170639, -0.1176820620894432, -0.030769892036914825, -0.0110167246311903, 0.10266288369894028, 0.12808145582675934, 0.05854102969169617, -0.017099514603614807, -0.008289512246847153, 0.009477118030190468, -0.36945250630378723, 0.5611802339553833, -0.10000276565551758, 0.4784415662288666, -0.8696038722991943, -0.06987167149782181, 0.007315924856811762, -0.7669327855110168, -0.3553781509399414, 0.25868937373161316, 6.341062068939209, -4.6106719970703125, 0.0, -0.38999998569488525, 0.47999998927116394, -0.6623125672340393, 0.30807608366012573, -0.5883525013923645, 0.3468034863471985, -0.06737004965543747, -0.3296617269515991, -0.6287602782249451, 0.7010313272476196, -0.01491465512663126, -0.3939617872238159, 0.5747337341308594, -0.047041118144989014, 0.38537636399269104, 0.903640866279602, -0.18084651231765747, -0.21237270534038544, -0.2989135682582855, -0.44219908118247986, 6.8887176513671875, 1.0309182405471802, -0.8736850619316101, -0.0025401317980140448, -0.4287208020687103, 0.5649020671844482, -0.014179997146129608, -0.16286484897136688, 0.9864274859428406, 0.015317220240831375, -0.33562055230140686, -0.04066573083400726, -0.5353682041168213, -0.7021329402923584, 0.2864524722099304, -3.849006175994873, 0.041580408811569214, -0.4192146062850952, 0.5613468289375305, 0.012606613337993622, 0.08945140987634659, 0.9744962453842163, -0.20541805028915405, -0.11284942924976349, -0.7097156643867493, -0.8701459765434265, 8.558960914611816, 1.736573576927185, -1.2610046863555908, 0.028437037020921707, -0.39344048500061035, 0.5830569267272949, -0.14509423077106476, 0.09893151372671127, 0.9812636375427246, -0.07925742864608765, 0.20549342036247253, -1.3856464624404907, -0.7605686783790588, 15.080890655517578, 4.095676898956299, 1.5060737133026123, -0.07705594599246979, -0.3631134331226349, 0.5285223126411438, -0.03870737925171852, -0.3440438210964203, 0.9335092306137085, -0.09325288236141205, -0.2261105179786682, -0.18975675106048584, -0.5272994041442871, 6.988859176635742, -1.0432807207107544, -3.0846354961395264, 0.4478919208049774, 0.25116801261901855, -0.18111538887023926, -0.012896359898149967, -0.003588882042095065, -0.0036674165166914463, 0.6389220952987671, 0.19300004839897156, -0.12902088463306427, 0.006252937484532595, 0.0009122478077188134, -0.003140572225674987, 0.633573055267334, -1.7195595502853394, 0.9984750151634216, 0.03620043396949768, -0.0008750690030865371, -0.004249401856213808, -0.2275061458349228, 0.4593072831630707, -0.532636821269989, -0.00412711501121521, -0.010441021993756294, -0.00288703222759068, -0.025694938376545906, -0.7259443402290344, 0.18679961562156677, -0.009960006922483444, -0.007878394797444344, -0.01839449070394039, 1.0, -0.4695318639278412, -0.9772272706031799, 1.0, -1.0, 1.0, 0.6177091002464294, -0.6331050992012024, -1.0, -0.3698505759239197, -0.26858964562416077, -0.7959954142570496, -0.34208348393440247, -1.0, -0.6870294213294983, -0.391884446144104, -0.7002084851264954, 1.0, 0.2146919220685959, 0.018724219873547554]
[0.31560513377189636, 0.36342528462409973, -0.8625084161758423, 0.39918532967567444, -0.30035391449928284, -0.24952682852745056, 0.46074560284614563, -0.0698978453874588, -0.5989001393318176, -0.7629583477973938, -0.9533807039260864, -0.2253154218196869, -0.2726553976535797, -0.3241865038871765, -0.20821109414100647, -0.15215802192687988, -0.09763795137405396, -0.45087379217147827, -0.5953612923622131, -0.5880863070487976, -0.7445246577262878, 0.9518833160400391, -0.11712068319320679, 0.11244501918554306, -0.003529682755470276, -0.7598278522491455, -0.09353887289762497, 0.3736112713813782, 0.7975388169288635, 0.06036936119198799, 0.44813916087150574, 0.26899415254592896, 1.9557586908340454, 0.5153559446334839, -0.006533064879477024, 1.3044661283493042, 1.5587953329086304, 0.32226237654685974, -0.6395685076713562, -0.48064929246902466, 0.6953036189079285, 1.592291235923767, 0.4078980088233948, -0.1279483139514923, 0.0459364652633667, 0.0059122382663190365, 1.087073802947998, 0.8778005838394165, -6.444116592407227, 5.155427932739258, -0.08118623495101929, -0.08541835844516754, 0.0877426266670227, 0.056614845991134644, -0.17570939660072327, 0.0010972842574119568, 0.1386631578207016, 0.08108676970005035, -0.19591882824897766, 0.7203806638717651, 0.37504300475120544, 0.1486535221338272, 0.1463242918252945, -0.2799540162086487, 0.9742125868797302, 0.565610945224762, 0.23592038452625275, -0.02159898169338703, 0.09555591642856598, 0.05053471401333809, -0.06154108792543411, 0.013944231905043125, 0.009600737132132053, -0.38218608498573303, 0.5532428026199341, -0.2403518110513687, 0.47253701090812683, -0.7840942740440369, -0.3227007985115051, 0.007837018929421902, -0.7504143118858337, -0.5066016912460327, 0.6908909678459167, 5.99597692489624, -3.604987382888794, 0.0, -0.38999998569488525, 0.47999998927116394, -0.6623125672340393, 0.30807608366012573, -0.5883525013923645, 0.3468034863471985, -0.26062604784965515, -0.11461002379655838, -0.7007089853286743, 0.6541754603385925, -0.017004262655973434, -0.3964398205280304, 0.5671093463897705, -0.05524122714996338, 0.37340036034584045, 0.9086605906486511, -0.17848362028598785, -0.07891048491001129, -0.058421775698661804, -0.42146170139312744, -1.9469938278198242, -1.9175491333007812, 0.7143337726593018, -0.005403989925980568, -0.42872488498687744, 0.5573689341545105, -0.013649709522724152, -0.11385735124349594, 0.9925574064254761, 0.04098505899310112, -0.05007696896791458, 0.1997532993555069, -0.32817184925079346, -9.849067687988281, 1.1506015062332153, -2.467174768447876, 0.038622815161943436, -0.42018604278564453, 0.5539476275444031, -0.007018752861768007, 0.12330812960863113, 0.9715114831924438, -0.20226514339447021, -0.2644725441932678, 0.4174014925956726, -0.20062969624996185, -10.839262008666992, -5.997833251953125, 0.6905751824378967, 0.03169888257980347, -0.4011639654636383, 0.5729026794433594, -0.12428522109985352, 0.08629456162452698, 0.9854741096496582, -0.07711771130561829, 0.23766538500785828, 0.11312131583690643, -0.45380473136901855, -8.09346866607666, 1.3453487157821655, -1.4008729457855225, -0.07961511611938477, -0.3641141653060913, 0.5217410326004028, -0.09902030229568481, -0.3839418292045593, 0.9159100651741028, -0.06238941848278046, -0.27447694540023804, -0.06816674768924713, -0.4309161305427551, 5.0632734298706055, -6.96274471282959, -6.873045444488525, -1.0762944221496582, -0.41293737292289734, 0.8715295195579529, 0.050420794636011124, 0.001974564976990223, 0.006601780187338591, -1.2768974304199219, -1.7656339406967163, 0.9340308904647827, 0.05460226535797119, -0.001313503715209663, 0.00900148507207632, -1.3927392959594727, -3.820479154586792, 3.7926297187805176, 0.09134635329246521, -0.002479469869285822, 0.0064995321445167065, -1.9092159271240234, -7.042383193969727, 3.2217323780059814, 0.1302846372127533, -0.0035671591758728027, 0.014529825188219547, -0.39091336727142334, -1.0657094717025757, 0.6267558932304382, 0.015278195962309837, 0.020198842510581017, 0.007988476194441319, -0.23411718010902405, 0.14290685951709747, -1.0, 0.5148377418518066, 0.5589300394058228, 1.0, -0.04833904653787613, 1.0, -1.0, 1.0, 1.0, -0.7690961956977844, -1.0, 0.9941115379333496, 1.0, -0.6890097260475159, -0.6589673161506653, 1.0, 1.0, 0.7961691617965698]
[0.26070669293403625, 0.3164033591747284, -0.8813166618347168, 0.40429121255874634, -0.1512148231267929, -0.21897047758102417, 0.45112958550453186, -0.14373870193958282, -0.3695477545261383, -0.6107338070869446, -1.0000052452087402, -0.10701435804367065, -0.16046974062919617, -0.3091474175453186, -0.22567123174667358, -0.11032456904649734, 0.0323113314807415, -0.23882955312728882, -0.4631200432777405, -0.6268468499183655, -0.7642335891723633, 0.9557569026947021, 0.058620087802410126, 0.2115405648946762, -0.3287651836872101, -0.0714653804898262, -0.07377087324857712, -0.11018309742212296, 1.6818050146102905, 0.4541540741920471, -0.2516727149486542, -1.3355435132980347, 2.135640859603882, 2.1892871856689453, 0.00022216148499865085, 1.1606167554855347, 0.9277310371398926, 0.450630247592926, 0.05070577934384346, 0.24818618595600128, 1.4097455739974976, 2.1302268505096436, 2.0120444297790527, -0.6639344096183777, -0.2373925894498825, 0.012045529671013355, 1.0774805545806885, 0.9328897595405579, -5.895964622497559, 8.567159652709961, -0.07503598928451538, 0.12339559197425842, 0.049251507967710495, 0.027082396671175957, -0.22809655964374542, -0.0850038230419159, -0.11501894146203995, 0.0065337903797626495, -0.0717727392911911, 0.4512673020362854, 0.11905528604984283, 0.06966529786586761, 0.857483446598053, -0.19440987706184387, 0.6750082969665527, 0.22997543215751648, 0.13482066988945007, -0.07465080916881561, 0.13579382002353668, 0.06517510116100311, -0.1345876008272171, -0.0358172208070755, 0.011674870736896992, -0.390733540058136, 0.5438591241836548, -0.407798707485199, 0.40207627415657043, -0.5996206402778625, -0.5590080618858337, 0.46579232811927795, 0.07879137992858887, -0.41566115617752075, 0.19715143740177155, 12.052108764648438, -4.9135422706604, 0.0, -0.38999998569488525, 0.47999998927116394, -0.6623125672340393, 0.30807608366012573, -0.5883525013923645, 0.3468034863471985, -0.45983031392097473, 0.15445157885551453, -0.67751145362854, 0.5528826713562012, -0.015496931970119476, -0.39589613676071167, 0.563567578792572, -0.07435048371553421, 0.4249674081802368, 0.8831561207771301, -0.1841467022895813, 0.11205607652664185, 0.18483063578605652, -0.20882880687713623, -8.994537353515625, -3.8242692947387695, 2.246471643447876, -0.002025272697210312, -0.4296340346336365, 0.5527877807617188, -0.006757738068699837, -0.007265463937073946, 0.9994339346885681, 0.03214394673705101, 0.3564504086971283, 0.07524551451206207, -0.2279794067144394, -14.563188552856445, 1.219299077987671, 2.7194983959198, 0.039331164211034775, -0.41433480381965637, 0.5543010234832764, -0.03098052181303501, 0.20217028260231018, 0.9545866250991821, -0.21663698554039001, -0.007559657096862793, 0.5937243700027466, 0.11721944063901901, -11.140243530273438, -5.353529930114746, 1.987791895866394, 0.03178665041923523, -0.39285746216773987, 0.5717088580131531, -0.13549956679344177, 0.25016364455223083, 0.9572380185127258, -0.05247136205434799, 0.0036347899585962296, 1.1059424877166748, -0.09053368866443634, -26.072311401367188, -4.948306083679199, -5.944389343261719, -0.07968100905418396, -0.3651690185070038, 0.5169578194618225, -0.1864052265882492, -0.3934938311576843, 0.8989657163619995, -0.04770849272608757, -0.07843901962041855, -0.0675094798207283, -0.29356804490089417, 1.182454228401184, -9.851069450378418, -4.460111141204834, -1.1905667781829834, 0.4006253182888031, 1.6869101524353027, 0.03309177607297897, 0.0006527763325721025, 0.008206616155803204, -1.4321503639221191, 0.7854956984519958, 1.0024933815002441, 0.018316224217414856, 2.727723040152341e-05, 0.016602985560894012, -0.870858371257782, -1.028100609779358, 2.8173258304595947, 0.054243795573711395, -0.00762963155284524, -0.007279572077095509, -1.2361364364624023, -3.1421611309051514, 3.210299253463745, 0.08768826723098755, 0.009392905980348587, 0.015541134402155876, -1.7816954851150513, -0.9795756340026855, 0.9434421062469482, 0.016592031344771385, -0.007310100365430117, 0.01995423436164856, -1.0, 0.9682497978210449, -1.0, 0.2818422317504883, 1.0, -0.46619582176208496, -0.97105872631073, 1.0, -1.0, 1.0, 1.0, 0.23185870051383972, -1.0, 1.0, 1.0, -1.0, -1.0, 1.0, 1.0, 0.7756999731063843]
[0.14634092152118683, 0.30907195806503296, -0.8981673717498779, 0.35425472259521484, 0.030848875641822815, -0.11294765770435333, 0.3118399381637573, -0.23334842920303345, -0.14774781465530396, -0.34549251198768616, -0.8357575535774231, 0.03821845352649689, -0.08610158413648605, -0.20103755593299866, -0.12050729990005493, -0.14755548536777496, 0.18238618969917297, -0.026738090440630913, -0.20430150628089905, -0.6498746275901794, -0.7955086827278137, 0.9066879749298096, 0.1792047768831253, 0.315388947725296, -0.5061795115470886, -0.03388608619570732, -0.06771423667669296, -0.6556194424629211, 1.6785475015640259, 1.557368278503418, -0.7621594071388245, -0.5524114966392517, 2.000856637954712, 2.5752508640289307, 1.0413390398025513, 1.4726275205612183, 0.6098290085792542, 1.1731306314468384, 0.716707706451416, -0.3974291682243347, 1.3732209205627441, 1.8595303297042847, 2.535891532897949, -0.0778118222951889, -0.22889597713947296, -0.19480948150157928, 0.5621081590652466, 0.9687713980674744, -4.076554298400879, 1.0473191738128662, -0.04036790877580643, -0.14511117339134216, -0.07005742192268372, 0.0210820734500885, -0.205262690782547, 0.2686223089694977, 0.08110268414020538, 0.026934266090393066, 0.05090227350592613, 0.09748183190822601, 0.01418481208384037, 0.008004730567336082, 0.33850234746932983, -0.15547442436218262, 0.19911721348762512, 0.0026017893105745316, -0.007033192086964846, 0.08456557244062424, -0.07624717801809311, -0.060125645250082016, -0.15458373725414276, -0.053114067763090134, 0.021194204688072205, -0.39171144366264343, 0.5368751883506775, -0.5695903301239014, 0.20057526230812073, -0.2923867404460907, -0.7415162324905396, 0.6001917719841003, -0.09002615511417389, -0.43358418345451355, 0.5512398481369019, 9.728224754333496, -2.940561532974243, 0.0, -0.38999998569488525, 0.47999998927116394, -0.6623125672340393, 0.30807608366012573, -0.5883525013923645, 0.3468034863471985, -0.6607198119163513, 0.43947210907936096, -0.49504002928733826, 0.3539053797721863, -0.010723790153861046, -0.39590227603912354, 0.5615748167037964, -0.10174666345119476, 0.5016642808914185, 0.8368733525276184, -0.1939675211906433, 0.28431493043899536, 0.013920402154326439, -0.29315799474716187, -11.52829360961914, -5.398245811462402, 3.180239200592041, 0.006448178086429834, -0.42945265769958496, 0.5505157709121704, -0.005695321597158909, 0.14613984525203705, 0.9892042279243469, -0.009256327524781227, 0.5923761129379272, 0.3959713578224182, -0.16178396344184875, -20.001646041870117, 0.09296847134828568, 6.151103496551514, 0.039767757058143616, -0.40664225816726685, 0.5574560165405273, -0.057521890848875046, 0.3218323886394501, 0.923576831817627, -0.2003021538257599, -0.04964577406644821, 0.6728536486625671, 0.03578537330031395, -14.60092544555664, -7.11297082901001, -2.2832045555114746, 0.03174268454313278, -0.3789873421192169, 0.5729528069496155, -0.1701585352420807, 0.47861945629119873, 0.8607104420661926, -0.03386595845222473, -0.03519891947507858, 1.099409580230713, -0.3737911283969879, -29.27816390991211, -8.832392692565918, -2.8562140464782715, -0.07648507505655289, -0.3680199384689331, 0.5138320922851562, -0.2533809542655945, -0.40566298365592957, 0.8768054246902466, -0.049475230276584625, 0.20332342386245728, -0.24507443606853485, -0.24136032164096832, 3.4993584156036377, -6.309342861175537, -1.2532477378845215, -0.529215395450592, 0.21837884187698364, -0.780342698097229, 0.024357758462429047, 0.0035154814831912518, 0.00271838647313416, -1.2362656593322754, -0.9175449013710022, 0.864905595779419, 0.013171093538403511, 0.0012288475409150124, 0.014666183851659298, -0.1538114994764328, -0.06564459204673767, 0.33296123147010803, 0.007020062301307917, -0.006317975465208292, -0.01303047314286232, -0.21047665178775787, 0.2224515974521637, 0.5043312311172485, -0.0036964172031730413, 0.017938705161213875, 0.010846767574548721, -2.073276996612549, 0.9371563792228699, 0.6362506747245789, -0.010141805745661259, -0.01994163729250431, -0.004777185153216124, -1.0, 0.3266492784023285, -1.0, -0.1530941128730774, 1.0, -1.0, -0.40271931886672974, 1.0, 1.0, 1.0, 0.23640768229961395, 1.0, -1.0, 1.0, 1.0, -0.5951184630393982, -1.0, 0.2923916280269623, 0.5189595818519592, 0.8944976925849915]
[-0.0023623432498425245, 0.2923184037208557, -0.9135149717330933, 0.3087293803691864, 0.1964847594499588, 0.08291631937026978, 0.20598869025707245, -0.28863468766212463, 0.05145971477031708, -0.0886165127158165, -0.6349804997444153, 0.16480885446071625, -0.127971813082695, -0.1318325698375702, 0.04962553456425667, -0.26392096281051636, 0.32176530361175537, 0.1288558393716812, 0.030754175037145615, -0.6826496720314026, -0.8231700658798218, 0.7225554585456848, 0.16347643733024597, 0.4119824469089508, -0.5847357511520386, -0.12982547283172607, -0.06211696192622185, -0.29830217361450195, 1.4505740404129028, 1.9189404249191284, -0.2654188275337219, -0.6370572447776794, 1.6625807285308838, 2.2361998558044434, 0.7646916508674622, 1.2443464994430542, -0.9256840944290161, 0.07632983475923538, 0.8082113265991211, -0.5147874355316162, 1.229531168937683, 1.2105354070663452, 1.8359756469726562, -0.5698407888412476, -0.20043206214904785, -0.5939171314239502, -0.4457085132598877, 0.8476994633674622, -0.9731960296630859, -0.06414397805929184, -0.007040558848530054, 0.08247189968824387, 0.010357338935136795, 0.002332179807126522, 0.0031494637951254845, -0.20208996534347534, -0.1471027433872223, -0.0713949054479599, -0.0042016394436359406, 0.13870804011821747, -0.04220622032880783, -0.07107045501470566, -0.018109111115336418, -0.050700120627880096, 0.003728994634002447, -0.06870948523283005, -0.06325441598892212, -0.047996941953897476, -0.03559942916035652, -0.06361137330532074, -0.09749148786067963, -0.04280967637896538, 0.02369028329849243, -0.38844168186187744, 0.5377838611602783, -0.603122889995575, 0.17201349139213562, -0.37112370133399963, -0.6847782731056213, -0.038531750440597534, 0.21024474501609802, 0.049906082451343536, 1.171196699142456, -0.7604892253875732, 3.6893527507781982, 0.0, -0.38999998569488525, 0.47999998927116394, -0.6623125672340393, 0.30807608366012573, -0.5883525013923645, 0.3468034863471985, -0.6758321523666382, 0.3796676695346832, -0.4597169756889343, 0.4333171844482422, -0.004350731614977121, -0.39629727602005005, 0.5588771104812622, -0.1407472789287567, 0.5940046906471252, 0.7664404511451721, -0.19979384541511536, 0.31325563788414, 0.03132794424891472, -0.378082811832428, -12.896158218383789, -7.129866600036621, 3.5674335956573486, 0.01612967997789383, -0.4278150498867035, 0.54807448387146, -0.017616698518395424, 0.2943347990512848, 0.9542976021766663, -0.04870939627289772, 0.4960732161998749, 0.24357903003692627, -0.3412822484970093, -15.592411994934082, -1.701911211013794, 4.178738594055176, 0.04286853224039078, -0.4013434648513794, 0.558853030204773, -0.06782806664705276, 0.3733862042427063, 0.9065151810646057, -0.1849658489227295, 0.23691581189632416, 0.30567893385887146, 0.06132698804140091, -1.1499005556106567, -0.8796243667602539, -0.8766517043113708, 0.03126059100031853, -0.3663656413555145, 0.5720329284667969, -0.2198188453912735, 0.6500405669212341, 0.7271961569786072, -0.01767709106206894, -0.03492261841893196, 0.6821399331092834, -0.4871683418750763, -21.279827117919922, -9.777477264404297, -0.9585516452789307, -0.07029106467962265, -0.3731275796890259, 0.5112804174423218, -0.28643277287483215, -0.42802393436431885, 0.8534663915634155, -0.07966620475053787, 0.44766485691070557, -0.38853904604911804, -0.20236815512180328, 2.2736141681671143, -4.972306251525879, 4.413569927215576, -0.0752837061882019, -0.06437510997056961, 0.16390793025493622, 0.0013665530132129788, 0.0009599621989764273, -3.54512594640255e-05, 0.030612792819738388, 1.562258243560791, -1.422284722328186, -0.0479610301554203, -0.0015759438974782825, -0.003863310208544135, -0.08669111877679825, 1.0119389295578003, 0.16325980424880981, -0.05589137226343155, 6.710203888360411e-05, -0.0005130887730047107, -0.07286438345909119, 1.0152744054794312, -0.7549393773078918, -0.04802530258893967, 0.0012929646763950586, 0.0006377848330885172, -1.3441994190216064, 0.7612980604171753, 0.36121493577957153, -0.004771952982991934, -0.021302480250597, 0.009771519340574741, -1.0, 0.14968635141849518, -1.0, 0.19345182180404663, 1.0, -1.0, -0.6915448307991028, 1.0, 1.0, 1.0, -0.9547341465950012, 1.0, -1.0, 1.0, 0.7067503929138184, -1.0, -1.0, -0.9145756363868713, -0.5216952562332153, 0.8924128413200378]
[-0.1556696593761444, 0.2634991705417633, -0.926261305809021, 0.2455429881811142, 0.2552432417869568, 0.24060161411762238, 0.10079807043075562, -0.3722437620162964, 0.12304804474115372, 0.08805226534605026, -0.43206292390823364, 0.2941494286060333, -0.2281169593334198, -0.15010316669940948, 0.21355925500392914, -0.3837882876396179, 0.44120633602142334, 0.2592601776123047, 0.19138789176940918, -0.6354773044586182, -0.8492200374603271, 0.4705597162246704, 0.03657788783311844, 0.45621171593666077, -0.5652985572814941, -0.25654128193855286, -0.04774157702922821, -0.7501621246337891, 0.05374171957373619, 0.8760499954223633, -0.6101793646812439, -0.874649703502655, 0.12521375715732574, 0.9721227884292603, 0.9357642531394958, 1.1897374391555786, -0.9231082201004028, -0.2754290997982025, 0.7257348895072937, -0.4761680066585541, 1.0305737257003784, 1.1999434232711792, 1.347342848777771, 1.1953343152999878, -0.18563231825828552, -0.6342079043388367, -0.9697960019111633, 0.1744847148656845, 0.6498361825942993, -1.1942927837371826, 0.012898646295070648, -0.12792529165744781, -0.13056237995624542, -0.10168123990297318, -0.06593748182058334, -0.13638494908809662, -0.1436886340379715, -0.11194410920143127, 0.044865380972623825, -0.08460574597120285, -0.014735564589500427, -0.008407087065279484, -0.12390226125717163, -0.0025107664987444878, -0.07394113391637802, -0.0357944555580616, -0.023663964122533798, 0.1900281012058258, -0.018663669005036354, -0.011134926229715347, -0.08821804076433182, -0.04998989775776863, 0.021442940458655357, -0.38789650797843933, 0.5383451581001282, -0.6412630677223206, 0.16369682550430298, -0.5299741625785828, -0.530200183391571, -0.1484687626361847, -0.0013005119981244206, -0.008341456763446331, 2.573377847671509, -2.6236865520477295, 4.365303039550781, 0.0, -0.38999998569488525, 0.47999998927116394, -0.6623125672340393, 0.30807608366012573, -0.5883525013923645, 0.3468034863471985, -0.6405114531517029, 0.24639280140399933, -0.4066021144390106, 0.6030840277671814, 0.003759048879146576, -0.39918050169944763, 0.5560286641120911, -0.16953901946544647, 0.6283320188522339, 0.7296319007873535, -0.20998252928256989, 0.501274049282074, -0.2930915653705597, -0.17782151699066162, 0.5682817697525024, -0.32762688398361206, 3.063448190689087, 0.02650565467774868, -0.4293353855609894, 0.5432021021842957, -0.03357527405023575, 0.3464250862598419, 0.9333531260490417, -0.08782988786697388, 0.6103741526603699, -0.1806730180978775, -0.3609623312950134, 0.16032463312149048, -0.041445985436439514, 5.881172180175781, 0.04673406109213829, -0.3968368470668793, 0.5592175126075745, -0.06636468321084976, 0.3701152503490448, 0.9101805686950684, -0.1737290918827057, 0.23934675753116608, 0.24890437722206116, -0.0068989163264632225, 1.3478295803070068, 0.05191847309470177, -1.8475421667099, 0.030591338872909546, -0.35673749446868896, 0.5687156915664673, -0.26744768023490906, 0.7550973892211914, 0.5985572338104248, 0.00537248607724905, 0.013452376239001751, 0.4091372489929199, -0.5418500900268555, -16.44875144958496, -9.774269104003906, -0.847506582736969, -0.06167858839035034, -0.37927764654159546, 0.5099247097969055, -0.24880826473236084, -0.4766983687877655, 0.8359255790710449, -0.10991522669792175, 0.712058424949646, -0.4483686089515686, -0.10553786158561707, 5.477138519287109, 5.93064546585083, 8.135915756225586, 0.1528516262769699, 1.3253289461135864, -1.3016456365585327, -0.08180131018161774, -0.000819705834146589, -0.0012596796732395887, -0.2902357578277588, 1.7314833402633667, -1.34556245803833, -0.08597186952829361, 0.006253639701753855, 0.009069032967090607, 0.2408764660358429, 0.015366805717349052, -0.5041158199310303, -0.008176585659384727, -0.0039281281642615795, -0.005392314866185188, 0.019672328606247902, 0.06822866946458817, -0.8324918150901794, -0.02264053374528885, -0.004305523820221424, 0.0014047928852960467, -1.3495323657989502, 0.44263792037963867, 0.3295609652996063, -0.013600770384073257, -0.02839738130569458, -0.03203790634870529, -1.0, -0.05496810004115105, -0.9833081364631653, -0.3293590247631073, 0.017717130482196808, -1.0, -1.0, -0.09685198217630386, 1.0, 1.0, -0.7736632823944092, 1.0, -1.0, 1.0, 0.9514595866203308, 0.15336529910564423, -1.0, -1.0, -1.0, 0.43757161498069763]
[-0.2991856038570404, 0.2065749317407608, -0.9266183972358704, 0.14465565979480743, 0.24705401062965393, 0.2756136357784271, -0.058616768568754196, -0.45074039697647095, 0.1808754801750183, 0.1423931121826172, -0.20942719280719757, 0.4069085121154785, -0.2892471253871918, -0.17592984437942505, 0.3579123616218567, -0.48930421471595764, 0.5423006415367126, 0.3214142620563507, 0.30779480934143066, -0.4557381868362427, -0.8706137537956238, 0.23474445939064026, -0.12154354155063629, 0.45795246958732605, -0.4998195767402649, -0.4952925741672516, 0.037699904292821884, -0.9978313446044922, -0.13997049629688263, 0.06679902970790863, -0.6840418577194214, -0.6456380486488342, 0.7520575523376465, 0.4292577803134918, 0.9015040397644043, 0.9566276669502258, -0.3745609223842621, -0.18506044149398804, 0.6223241090774536, -0.4080895483493805, 0.8710212707519531, 0.24058330059051514, 0.7545179724693298, 2.752955198287964, -0.15004120767116547, -0.5563724637031555, -0.9805869460105896, -0.06858160346746445, 2.2464447021484375, -1.9934970140457153, 0.047919608652591705, -0.06706279516220093, -0.017060527577996254, -0.021144354715943336, 0.07024404406547546, -0.06205271556973457, 0.04343269392848015, 0.021408768370747566, 0.02113058976829052, -0.17393755912780762, -0.012225935235619545, 0.007734551094472408, -0.15582890808582306, 0.022166447713971138, -0.10783098638057709, -0.09259986877441406, -0.06336795538663864, 0.15955983102321625, 0.061800386756658554, 0.04240911081433296, 0.007886918261647224, 0.0028301982674747705, 0.018943877890706062, -0.38927778601646423, 0.5367532968521118, -0.6740041375160217, 0.18186460435390472, -0.6397888660430908, -0.32142460346221924, 0.07634848356246948, -0.13022252917289734, -0.1307472586631775, 3.389141082763672, -1.7483433485031128, 3.9363059997558594, 0.0, -0.38999998569488525, 0.47999998927116394, -0.6623125672340393, 0.30807608366012573, -0.5883525013923645, 0.3468034863471985, -0.5367336869239807, 0.1349063515663147, -0.32379862666130066, 0.7673797607421875, 0.01352660357952118, -0.40503472089767456, 0.5511086583137512, -0.17746703326702118, 0.5897756814956665, 0.7530533671379089, -0.2314750701189041, 0.5691145658493042, -0.4167914092540741, -0.25455355644226074, 6.852499485015869, 3.6065781116485596, 2.267595052719116, 0.03762474283576012, -0.43059012293815613, 0.5358777642250061, -0.049459971487522125, 0.3410525619983673, 0.9289460778236389, -0.13526217639446259, 0.5814704895019531, -0.03164210915565491, -0.4889020323753357, -0.2156907021999359, 0.016090787947177887, 5.919906139373779, 0.050517261028289795, -0.39316096901893616, 0.5571316480636597, -0.062293890863657, 0.3647024631500244, 0.9154722690582275, -0.15818338096141815, 0.2392750382423401, 0.19099730253219604, -0.18788687884807587, 0.5493229627609253, -0.111608125269413, -2.004129409790039, 0.030224863439798355, -0.3512208163738251, 0.5641494393348694, -0.30670300126075745, 0.8053934574127197, 0.5063827037811279, 0.029172932729125023, 0.022913318127393723, 0.15263013541698456, -0.3992137610912323, -7.090278148651123, -6.407862186431885, 0.8901064395904541, -0.05174143612384796, -0.3852407932281494, 0.5076187252998352, -0.14585302770137787, -0.5592532753944397, 0.8089405298233032, -0.10760018229484558, 0.8005471229553223, -0.4021204710006714, -0.335195928812027, 10.091092109680176, 12.976448059082031, 8.52446174621582, 0.40175095200538635, -0.16555243730545044, -0.42316263914108276, -0.023627636954188347, -0.004308856558054686, -0.002623501233756542, 0.402221143245697, -0.6944231986999512, -0.15568265318870544, 0.010992422699928284, -0.0013327557826414704, -0.001464156899601221, 0.36813437938690186, -0.23975563049316406, -0.860383152961731, 0.004138217307627201, 0.00032053011818788946, -0.00039736879989504814, 0.1952638328075409, 0.5488882064819336, -1.115086555480957, -0.05513463169336319, -0.006471681408584118, 0.003518610028550029, 0.39454326033592224, 0.577437162399292, -0.10338552296161652, -0.012793526984751225, -0.003482487518340349, -0.02684718929231167, -1.0, -0.34982410073280334, -0.8680142760276794, -0.5532344579696655, 0.12027979642152786, -1.0, -0.7968881726264954, 0.739652693271637, 1.0, 0.920373797416687, -0.4160557687282562, 1.0, -1.0, 1.0, 0.2783237397670746, 1.0, -1.0, -1.0, -1.0, 0.3754673898220062]
[-0.4270095229148865, 0.14353550970554352, -0.8313565254211426, 0.04996189475059509, 0.23149405419826508, 0.2748050391674042, -0.20909419655799866, -0.531947135925293, 0.2837449014186859, 0.21737521886825562, -0.10176105052232742, 0.4995609223842621, -0.3273214101791382, -0.19133834540843964, 0.4748339056968689, -0.5774865746498108, 0.6265307068824768, 0.2452729195356369, 0.33111751079559326, -0.23234999179840088, -0.8897948265075684, 0.030757207423448563, -0.2681063115596771, 0.40974166989326477, -0.47765159606933594, -0.4161064326763153, 0.5104812979698181, -0.7538334727287292, -0.10197354853153229, -0.03427457809448242, -0.4658913314342499, -0.8742732405662537, 0.8990882039070129, 0.9104506373405457, 0.13851270079612732, 0.7424470782279968, -0.3360338807106018, -0.12431073188781738, 0.49579349160194397, -0.3359934687614441, 0.7171513438224792, -1.2028254270553589, -0.16338102519512177, 2.7470884323120117, -0.1417808085680008, -0.47751474380493164, -0.8577254414558411, -0.6396009922027588, 0.17295104265213013, 1.0396640300750732, 0.010851697064936161, 0.09159654378890991, 0.03382024168968201, 0.007771563716232777, 0.109583280980587, -0.03940160572528839, -0.04524166136980057, -0.0027261669747531414, -0.05284029617905617, -0.03194437175989151, -0.013479690998792648, -0.0036348928697407246, -0.02777516469359398, 0.006577952764928341, -0.06006200239062309, -0.11282949894666672, -0.07074563950300217, -0.033961426466703415, 0.2141941338777542, 0.12094800174236298, -0.002723180688917637, -0.002142390003427863, 0.0223764106631279, -0.3929579257965088, 0.5343695282936096, -0.6884405612945557, 0.2298886924982071, -0.6724384427070618, -0.14500786364078522, -0.0005106031894683838, -0.017833910882472992, -0.12463879585266113, 4.784911632537842, -1.755454421043396, 1.8255079984664917, 0.0, -0.38999998569488525, 0.47999998927116394, -0.6623125672340393, 0.30807608366012573, -0.5883525013923645, 0.3468034863471985, -0.4067007601261139, 0.08408098667860031, -0.25868579745292664, 0.8721276521682739, 0.022221621125936508, -0.4106580913066864, 0.5451269149780273, -0.16924065351486206, 0.5404728055000305, 0.7879496812820435, -0.24162349104881287, 0.5000324845314026, -0.3081919848918915, -0.2583448886871338, 5.637605667114258, 3.2005679607391357, -0.1336156725883484, 0.04761846363544464, -0.43023478984832764, 0.5278787016868591, -0.06944605708122253, 0.3559409976005554, 0.9150473475456238, -0.17655454576015472, 0.5068411231040955, 0.028858764097094536, -0.5146833658218384, -2.337472677230835, -1.1885019540786743, 4.712746620178223, 0.0547429695725441, -0.3897953927516937, 0.5542263984680176, -0.06316820532083511, 0.3614444434642792, 0.9165225028991699, -0.15923014283180237, 0.2708589434623718, 0.1803452968597412, -0.1613570898771286, 0.6428822875022888, 0.19540497660636902, 1.694267749786377, 0.030104205012321472, -0.3489293158054352, 0.5613157153129578, -0.3398376405239105, 0.7989345788955688, 0.4953688085079193, 0.02869921177625656, -0.05539233610033989, 0.08710744976997375, -0.07417736202478409, 2.966928482055664, 0.06783770024776459, 4.945163249969482, -0.04221046343445778, -0.3898434638977051, 0.5032702684402466, -0.01723063737154007, -0.6412045359611511, 0.7606492042541504, -0.0998624712228775, 0.7545259594917297, -0.23751768469810486, -0.4856832027435303, 9.605979919433594, 12.648069381713867, 10.590965270996094, 0.019991474226117134, 0.027489442378282547, 0.5452204942703247, 0.00818390492349863, -0.0015959801385179162, 9.835391392698511e-05, 0.4675896167755127, 0.2242494821548462, -0.309538871049881, 0.0006375753437168896, -0.0076451608911156654, -0.008622851222753525, -0.022159701213240623, 0.2116127610206604, -0.018453819677233696, -0.0004607016744557768, 0.008132053539156914, 0.008742211386561394, -0.20999017357826233, 1.1133874654769897, -0.939586877822876, -0.054044827818870544, -0.0011330776615068316, 0.002920294413343072, 0.15774115920066833, -0.4460375905036926, -0.13063503801822662, 0.005514784716069698, -0.004666251130402088, 0.004292778670787811, -1.0, -0.12568078935146332, -0.7427956461906433, -0.7024690508842468, 0.10264552384614944, -1.0, -1.0, 1.0, 1.0, 1.0, -0.521600604057312, 1.0, -1.0, 1.0, -0.7308462858200073, 1.0, -1.0, -1.0, -1.0, -0.07058970630168915]
[-0.5401616096496582, 0.08311242610216141, -0.788581371307373, -0.07288695871829987, 0.20223352313041687, 0.2684725224971771, -0.2406642884016037, -0.618857741355896, 0.32365718483924866, 0.30429744720458984, -0.045989762991666794, 0.5913139581680298, -0.40082937479019165, -0.20979271829128265, 0.5689594149589539, -0.6443514227867126, 0.6944247484207153, 0.08748626708984375, 0.2928653657436371, -0.027752365916967392, -0.906765878200531, -0.14155243337154388, -0.3946976959705353, 0.333959698677063, -0.3941006362438202, -0.4400723874568939, -0.0019175068009644747, -1.343733787536621, -0.3629050552845001, -0.09246871620416641, -0.12215465307235718, -0.7143089771270752, 0.19042086601257324, 0.6227696537971497, 0.3536159098148346, 0.8041610717773438, -0.8535176515579224, -0.23444798588752747, 0.4013229310512543, -0.24130454659461975, 0.5740913152694702, -1.5906891822814941, -0.47403237223625183, 2.3969829082489014, -0.12101681530475616, -0.3998717963695526, -0.732071578502655, -0.7288925051689148, 1.7261688709259033, -0.07045719772577286, -0.01775497756898403, -0.08362656831741333, -0.04815775528550148, -0.019342852756381035, 0.020069461315870285, 0.027949754148721695, -0.020653456449508667, -0.02860291860997677, 0.06433765590190887, -0.045321155339479446, -0.04650436341762543, -0.022830992937088013, -0.0171572957187891, 0.023733917623758316, -0.057233866304159164, -0.03787950426340103, -0.020363284274935722, -0.0686374232172966, 0.15151232481002808, 0.0895635336637497, 0.03758765012025833, 0.021193547174334526, 0.02523350715637207, -0.3969532251358032, 0.5321857333183289, -0.6997198462486267, 0.2992916703224182, -0.6455195546150208, 0.06419574469327927, 0.1457590013742447, -0.30615976452827454, -0.09639010578393936, 4.388223171234131, -0.24698054790496826, 2.661285161972046, 0.0, -0.38999998569488525, 0.47999998927116394, -0.6623125672340393, 0.30807608366012573, -0.5883525013923645, 0.3468034863471985, -0.2229277342557907, 0.06816443800926208, -0.1687563806772232, 0.9576942324638367, 0.03147413581609726, -0.4165077209472656, 0.5378496646881104, -0.15823952853679657, 0.47336480021476746, 0.8264697790145874, -0.26044878363609314, 0.6078748106956482, -0.45358315110206604, -0.3543106019496918, 9.417508125305176, 5.940831661224365, 2.10746169090271, 0.055418308824300766, -0.4309798777103424, 0.5194076895713806, -0.0787358433008194, 0.3519255220890045, 0.9115873575210571, -0.19737660884857178, 0.4178730547428131, -0.06062155216932297, -0.4850003123283386, 1.6441152095794678, 0.4808450937271118, 2.575695276260376, 0.058796051889657974, -0.38684767484664917, 0.5515042543411255, -0.0631563663482666, 0.34436139464378357, 0.9215703010559082, -0.16773386299610138, 0.23926176130771637, 0.09482382982969284, -0.13643094897270203, 3.3742644786834717, 1.3159387111663818, 0.2057172656059265, 0.03030608594417572, -0.3485642671585083, 0.5599514842033386, -0.3671310245990753, 0.760309100151062, 0.5358110666275024, 0.007167660631239414, -0.07116307318210602, -0.011151639744639397, 0.021262090653181076, 6.3540425300598145, 3.0285022258758545, 5.8815460205078125, -0.03422027826309204, -0.3926902413368225, 0.49763771891593933, 0.10245920717716217, -0.7050950527191162, 0.6943440437316895, -0.10113987326622009, 0.568487823009491, -0.07008622586727142, -0.5729255676269531, 9.604242324829102, 10.301749229431152, 9.749648094177246, 0.1634317934513092, 0.15807299315929413, -0.6270904541015625, -0.016971759498119354, 0.007405583746731281, 0.002848228672519326, 0.20298995077610016, 0.41501277685165405, -0.03952569514513016, -0.022377727553248405, 0.0019633809570223093, 0.0017625929322093725, 0.31635746359825134, 0.4879175126552582, -0.3535909950733185, -0.01551223173737526, -0.009076209738850594, -0.009379547089338303, 0.03663492947816849, 0.23284374177455902, -0.4830128252506256, -0.01687062717974186, -0.004172721412032843, 0.0030913318041712046, 0.8860434293746948, -0.3114057779312134, -0.37171876430511475, 0.007621403783559799, 0.00701685156673193, 0.007642908953130245, -1.0, -0.2904019057750702, -1.0, -1.0, -0.0647454783320427, -1.0, -1.0, 0.44458791613578796, 1.0, 1.0, -1.0, 1.0, -0.927775502204895, 1.0, -0.9235977530479431, 1.0, -1.0, -1.0, -1.0, -0.1147221177816391]
[-0.6363681554794312, 0.06146383658051491, -0.7858537435531616, -0.19508641958236694, 0.2001875340938568, 0.258026123046875, -0.3079105317592621, -0.6997485160827637, 0.3658531606197357, 0.3516022264957428, 0.05657398700714111, 0.6436957716941833, -0.41176456212997437, -0.2258291393518448, 0.638979434967041, -0.7002718448638916, 0.7477765083312988, -0.08281759917736053, 0.23813007771968842, 0.1475987434387207, -0.9260554313659668, -0.2919071316719055, -0.500856876373291, 0.24102312326431274, -0.3488634526729584, 0.031862642616033554, 0.03933672234416008, -0.9703858494758606, 0.15177704393863678, -0.07816077768802643, -0.3080698251724243, -0.7821686267852783, 0.45838189125061035, 0.38977012038230896, 0.3822034001350403, 0.33107924461364746, 0.2958540618419647, -0.02321479097008705, 0.2892269790172577, -0.2237389087677002, 0.44885340332984924, -1.5624750852584839, -0.5337427258491516, 2.029740810394287, -0.1467043161392212, -0.35352468490600586, -0.6075882911682129, -0.9233102798461914, 0.1886463165283203, 4.634409427642822, 0.005026848521083593, 0.32067960500717163, 0.10622768104076385, 0.028928492218255997, 0.03301357477903366, 0.2180519998073578, 0.033669836819171906, -0.005452150944620371, -0.012543201446533203, 0.07729685306549072, 0.08472762256860733, 0.04115491732954979, 0.1964668184518814, -0.009442443028092384, 0.03039783239364624, 0.0009873753879219294, -0.0014231604291126132, -0.14085763692855835, 0.3487488627433777, 0.18039824068546295, 0.023461434990167618, 0.01030252780765295, 0.0294099859893322, -0.4001741409301758, 0.5308040976524353, -0.705879807472229, 0.33159059286117554, -0.5933213233947754, 0.19937662780284882, 0.17465057969093323, -0.054349031299352646, -0.027038434520363808, 3.104931592941284, -0.48275646567344666, 0.6501230001449585, 0.0, -0.38999998569488525, 0.47999998927116394, -0.6623125672340393, 0.30807608366012573, -0.5883525013923645, 0.3468034863471985, -0.10044790059328079, 0.07591559737920761, -0.09061409533023834, 0.9878947734832764, 0.03954156115651131, -0.41995179653167725, 0.5326471924781799, -0.15018071234226227, 0.4211151599884033, 0.8492061495780945, -0.28099220991134644, 0.42345160245895386, -0.14092250168323517, -0.1270608901977539, 3.400604248046875, 2.694807529449463, 1.6390677690505981, 0.062457624822854996, -0.4301786422729492, 0.5144561529159546, -0.08869340270757675, 0.3467217981815338, 0.9071060419082642, -0.22153110802173615, 0.37104758620262146, 0.08063527196645737, -0.16778136789798737, -0.39876484870910645, -0.31478971242904663, 3.277404308319092, 0.06178378313779831, -0.38349297642707825, 0.550685465335846, -0.06177714839577675, 0.3479960858821869, 0.9207236170768738, -0.16537883877754211, 0.1451931595802307, 0.28648707270622253, 0.004376719705760479, -3.033036947250366, -0.9691826105117798, -0.15994182229042053, 0.030520372092723846, -0.3479340076446533, 0.5603373646736145, -0.38878822326660156, 0.7157995104789734, 0.5795471668243408, -0.024490589275956154, -0.08165006339550018, 0.054702483117580414, 0.16069799661636353, 4.6256422996521, 3.4499831199645996, 6.013718128204346, -0.028212742879986763, -0.39394962787628174, 0.49322739243507385, 0.20124003291130066, -0.7458944320678711, 0.6248418688774109, -0.11276749521493912, 0.4188252091407776, 0.05069508031010628, -0.35186201333999634, 7.420896053314209, 7.163764476776123, 9.234139442443848, -0.1139124184846878, 0.2697594165802002, 2.0285611152648926, 0.032974887639284134, -0.0019158184295520186, 0.002217018511146307, 0.11691217124462128, 0.7414563894271851, 1.2587785720825195, 0.005669695325195789, -0.002584806876257062, -0.0011947191087529063, 0.06477884948253632, -0.4308930039405823, 1.260197401046753, 0.034691520035266876, 0.0023526058066636324, 0.0023468811996281147, -0.4872714877128601, 0.5687875747680664, 0.18775267899036407, 0.0071086520329117775, 0.004071901552379131, 0.0028981962241232395, 0.4399527907371521, -2.065037727355957, -0.43425673246383667, 0.019338585436344147, 0.0032632763031870127, 0.006918127648532391, -1.0, 0.43208926916122437, -1.0, -0.7181419134140015, 0.475637823343277, -1.0, -1.0, 0.835290789604187, 1.0, 0.7025048732757568, -0.02739427611231804, 1.0, -1.0, 1.0, -1.0, 1.0, -1.0, -1.0, -1.0, -0.34342947602272034]
