1
[0.0, 0.0, 0.0, 0.0, 0.0, 0.0, 0.0, 0.0, 0.0, 0.0, 0.0, 0.0, 0.0, 0.0, 0.0, 0.0, 0.0, 0.0, 0.0, 0.0, 0.0, 0.0, 0.0, 0.0, 0.0, 0.0, 0.0, 0.0, 0.0, 0.0, 0.0, 0.0, 0.0, 0.0, 0.0, 0.0, 0.0, 0.0, 0.0, 0.0, 0.0, 0.0, 0.0, 0.0, 0.0, 0.0, 0.0, 0.0, 0.0, 0.0, 0.0, 0.0, 0.0, 0.0, 0.0, 0.0, 0.0, 0.0, 0.0, 0.0, 0.0, 0.0, 0.0, 0.0, 0.0, 0.0, 0.0, 0.0, 0.0, 0.0, 0.0, 0.0, 0.0, 0.0, 0.0, 0.0, 0.0, 0.0, 0.0, 0.0, 0.0, 0.0, 0.0, 0.0, 0.0, 0.0, 0.0, 0.0, 0.0, 0.0, 0.0, 0.0, 0.0, 0.0, 0.0, 0.0, 0.0, 0.0, 0.0, 0.0, 0.0, 0.0, 0.0, 0.0, 0.0, 0.0, 0.0, 0.0, 0.0, 0.0, 0.0, 0.0, 0.0, 0.0, 0.0, 0.0, 0.0, 0.0, 0.0, 0.0, 0.0, 0.0, 0.0, 0.0, 0.0, 0.0, 0.0, 0.0, 0.0, 0.0, 0.0, 0.0, 0.0, 0.0, 0.0, 0.0, 0.0, 0.0, 0.0, 0.0, 0.0, 0.0, 0.0, 0.0, 0.0, 0.0, 0.0, 0.0, 0.0, 0.0, 0.0, 0.0, 0.0, 0.0, 0.0, 0.0, 0.0, 0.0, 0.0, 0.0, 0.0, 0.0, 0.0, 0.0, 0.0, 0.0, 0.0, 0.0, 0.0, 0.0, 0.0, 0.0, 0.0, 0.0, 0.0, 0.0, 0.0, 0.0, 0.0, 0.0, 0.0, 0.0, 0.0, 0.0, 0.0, 0.0, 0.0, 0.0, 0.0, 0.0, 0.0, 0.0, 0.0, 0.0, 0.0, 0.0, 0.0, 0.0, 0.0, 0.0, 0.0, 0.0, 0.0, 0.0, 0.0, 0.0, 0.0, 0.0, 0.0, 0.0, 0.0]
[0.44548529386520386, 0.1984422355890274, -0.19910499453544617, -0.642326831817627, -0.7987121939659119, -0.8688831925392151, -0.02642112411558628, -0.6949124932289124, -0.7846733331680298, -0.8955377340316772, -0.07711867243051529, -0.6885448694229126, -0.7651137113571167, -0.7876937389373779, -0.8268898129463196, 0.03948128595948219, -0.9728047847747803, -0.7213425040245056, -0.7189162373542786, 0.01089108269661665, -0.7504402995109558, 0.25405213236808777, 0.005255503114312887, 0.6406815648078918, 0.12957917153835297, 0.027046386152505875, -0.32778680324554443, 1.8979085683822632, 2.041006088256836, 0.4161299765110016, 0.5375765562057495, -0.36740246415138245, -0.21547941863536835, -0.04632427915930748, 0.5664490461349487, -0.3779582679271698, -0.2956278324127197, -0.06443067640066147, 1.072580337524414, 0.243123397231102, -0.09275379776954651, -0.38374313712120056, -0.09392262250185013, 1.6788523197174072, -0.17878751456737518, 0.25944969058036804, -0.24986723065376282, -0.030194446444511414, 3.4318342208862305, 0.6682608127593994, 0.039071034640073776, 0.6074575185775757, 0.4646002948284149, 0.20259352028369904, 0.2794244587421417, -0.06203534081578255, -0.04455085098743439, -0.02007957361638546, 0.2806658446788788, -0.07023975998163223, -0.05327101796865463, -0.02425582893192768, 0.5707605481147766, 0.23183327913284302, 0.33916082978248596, 0.09541891515254974, 0.024109279736876488, 0.14068123698234558, -0.03740230202674866, 0.007688936777412891, -0.02269098535180092, -0.011241956613957882, -0.006412725429981947, -0.4005906283855438, 0.5287642478942871, 0.2160121649503708, 0.5965114831924438, -0.7263330817222595, 0.26448625326156616, -0.007496807258576155, -0.025082947686314583, -0.11183556914329529, 0.2325175255537033, 0.1373918503522873, 0.010183203965425491, 0.0, -0.38999998569488525, 0.47999998927116394, -0.6623125672340393, 0.30807608366012573, -0.5883525013923645, 0.3468034863471985, 0.3772795498371124, -0.4827604591846466, -0.5579088926315308, 0.5597679018974304, -0.021725602447986603, -0.4512472152709961, 0.5152341723442078, 0.025644725188612938, -0.4855361878871918, 0.8726736307144165, -0.04514088109135628, -0.047177158296108246, 0.4617141783237457, 1.1892895698547363, -21.80283546447754, -2.1546459197998047, 1.0083177089691162, -0.0035235718823969364, -0.4556021988391876, 0.5128140449523926, 0.011140016838908195, -0.508292555809021, 0.8609083294868469, -0.018745359033346176, -0.3474287688732147, -0.0814538523554802, -0.16303332149982452, 3.007479667663574, 0.13602770864963531, -3.3363325595855713, 0.01948726736009121, -0.4505169689655304, 0.5134406685829163, 0.014334039762616158, -0.46227163076400757, 0.8862085342407227, -0.027090467512607574, -0.3490086495876312, -0.11703893542289734, -0.1792929619550705, 3.546447992324829, 0.23172102868556976, -3.4816744327545166, 0.039052121341228485, -0.44548845291137695, 0.504258930683136, -0.01870180107653141, -0.5048849582672119, 0.8626521825790405, -0.023928117007017136, -0.30785807967185974, -0.006938451901078224, 0.35784173011779785, -0.13382133841514587, -4.484850883483887, -1.6880954504013062, -0.07877048850059509, -0.3702521026134491, 0.5123335719108582, -0.12603658437728882, -0.6179602742195129, 0.7492877244949341, 0.2020089477300644, 0.06106859818100929, -0.06928572058677673, -0.0334504134953022, 5.455554485321045, 6.662496089935303, 0.6358350515365601, 0.24389849603176117, -6.045302391052246, 0.45305967330932617, 0.11191397905349731, -0.002340921200811863, 0.0008408022113144398, 1.5559650659561157, 0.5521793365478516, -0.07670559734106064, -0.01179688423871994, 0.011904565617442131, -0.006806615740060806, 1.5683097839355469, 0.6749903559684753, -0.06754888594150543, -0.014130971394479275, 0.011507506482303143, -0.008385850116610527, 1.360802173614502, -1.4298946857452393, 0.8089208006858826, 0.0026608603075146675, 0.015203867107629776, 0.011060183867812157, -0.21150051057338715, 0.11039824038743973, 0.12257569283246994, -0.005815836600959301, -0.00785794761031866, -0.0287996307015419, 1.0, 0.3288441300392151, -0.760727047920227, 1.0, 1.0, 1.0, -0.9954895377159119, -0.9571530222892761, 1.0, -1.0, -1.0, 1.0, 0.5369616746902466, -1.0, -1.0, 1.0, -0.9310705661773682, 1.0, -0.2925366461277008, 0.6148409843444824]
[0.43233537673950195, 0.14164739847183228, -0.13222350180149078, -0.4886675775051117, -0.6491817235946655, -0.8131599426269531, -0.03105875849723816, -0.7333031892776489, -0.731303870677948, -0.8894263505935669, -0.02136933244764805, -0.6032886505126953, -0.8010417222976685, -0.7982346415519714, -0.5929943323135376, 0.05134747922420502, -0.9090615510940552, -0.6773462891578674, -0.7182682156562805, 0.055586282163858414, -0.7633540630340576, 0.36916616559028625, -0.0014904005220159888, 0.6695643663406372, -0.18162870407104492, -0.676581621170044, 0.5892238020896912, 1.1424154043197632, 1.0277140140533447, 0.5973785519599915, -0.33215034008026123, -0.3594531714916229, 0.8609297871589661, 0.20998156070709229, 0.0374021977186203, 1.409446120262146, -0.33971408009529114, -0.11329163610935211, 1.090606927871704, -0.06267610192298889, 0.9593057036399841, 0.8293879628181458, 0.14872847497463226, -0.046370647847652435, -0.060396309942007065, 0.28911328315734863, 0.07219357788562775, 0.42244386672973633, -8.102798461914062, -8.740509986877441, -0.022067882120609283, -0.8160397410392761, -0.3885117173194885, -0.13620078563690186, -0.5603970289230347, -0.5631327629089355, -0.12330310046672821, -0.01972692832350731, -0.4512777626514435, -0.0698583796620369, 0.015947425737977028, 0.013939603231847286, -0.8504897356033325, -0.38641953468322754, -0.27176570892333984, 0.0120050348341465, 0.030282409861683846, -0.05445669963955879, -0.30614450573921204, -0.15140075981616974, -0.07563120871782303, -0.006010242737829685, -0.005915088579058647, -0.40105462074279785, 0.5258552432060242, 0.2070978432893753, 0.6100170612335205, -0.7226030230522156, 0.25066807866096497, 0.042791444808244705, -0.03019350953400135, -0.1981741040945053, 0.3172345757484436, 0.4603956639766693, -0.020146064460277557, 0.0, -0.38999998569488525, 0.47999998927116394, -0.6623125672340393, 0.30807608366012573, -0.5883525013923645, 0.3468034863471985, 0.3741312325000763, -0.4661044180393219, -0.5709439516067505, 0.5628460645675659, -0.022830596193671227, -0.44750553369522095, 0.5200656056404114, 0.01540396735072136, -0.37395769357681274, 0.9264795780181885, -0.039420392364263535, -0.06386026740074158, 0.25903624296188354, 0.013326108455657959, -10.404952049255371, -1.0820852518081665, -2.053736448287964, -0.002556071151047945, -0.45644620060920715, 0.5061710476875305, 0.01263617817312479, -0.5156205892562866, 0.8564614057540894, -0.02120150439441204, 0.32858264446258545, -0.05123240873217583, -0.5811176300048828, -0.1741417944431305, -0.009630149230360985, 2.5688929557800293, 0.018974341452121735, -0.45003587007522583, 0.5117933750152588, 0.010599834844470024, -0.46380615234375, 0.8856382966041565, -0.02040206268429756, 0.16996048390865326, 0.09655418246984482, -0.10090792924165726, -1.3976105451583862, -0.06850983202457428, 0.720820426940918, 0.0377768948674202, -0.4441174864768982, 0.510159432888031, -0.053229086101055145, -0.45960304141044617, 0.8855812549591064, -0.04095788300037384, 0.002049725502729416, 0.21224354207515717, 0.41439950466156006, -9.215923309326172, -4.625051021575928, 0.04657675325870514, -0.07771127671003342, -0.37171661853790283, 0.5098869800567627, -0.10865233838558197, -0.631171703338623, 0.734642744064331, 0.22386802732944489, 0.08343924582004547, -0.12423808872699738, -0.26533958315849304, 1.9107242822647095, 0.4539964497089386, -1.3866584300994873, -0.22414414584636688, 5.379750728607178, -1.610106110572815, -0.055504534393548965, 0.008178306743502617, -0.005293841939419508, -3.0852556228637695, 2.133150577545166, -0.9521558880805969, 0.01227033231407404, -0.02251082845032215, 0.01195491198450327, -2.512202739715576, 0.0962856113910675, -0.7290239334106445, 0.01538388803601265, -0.01572449877858162, 0.010934419929981232, -1.8115007877349854, 0.2129289209842682, -0.8908461928367615, 0.033476345241069794, -0.010953519493341446, 0.0054382020607590675, -1.035918951034546, 1.9982439279556274, 0.08350075036287308, -0.0038315963465720415, 0.010564465075731277, 0.02440529130399227, -0.5922266244888306, -0.8841586709022522, 1.0, -0.061455707997083664, -0.2691049575805664, -1.0, -1.0, -0.05188711732625961, -0.3214210271835327, 0.5525693297386169, -1.0, 0.6245274543762207, -0.25171297788619995, -0.156462162733078, 0.029432382434606552, -0.19612810015678406, -0.8392928838729858, 0.9652787446975708, 0.13879568874835968, 1.0]
[0.34616151452064514, 0.04424417018890381, 0.0331876166164875, -0.45843154191970825, -0.6239641904830933, -0.751595675945282, -0.13970667123794556, -0.771488606929779, -0.6916640400886536, -0.8469772338867188, -0.05552821606397629, -0.4068126380443573, -0.836191713809967, -0.8107407093048096, -0.3814898431301117, 0.025027161464095116, -0.7623357772827148, -0.5329248309135437, -0.6842555403709412, 0.04877600818872452, -0.7852184176445007, 0.4558616280555725, -0.010572772473096848, 0.7185571789741516, -0.42719680070877075, -0.6931058168411255, 0.7215687036514282, -0.20706363022327423, -0.20212648808956146, 0.3417794704437256, -0.515831470489502, -0.3564554452896118, 0.10262991487979889, 0.4124482572078705, -0.24434490501880646, 2.0391242504119873, -0.30838027596473694, -0.11424294859170914, 0.9348219037055969, -0.12924624979496002, 1.5789501667022705, 1.6069999933242798, 0.5370476841926575, -0.1015482172369957, -0.2150176763534546, 0.16919369995594025, -0.1261654943227768, 0.4659835398197174, -6.42899751663208, 0.2163347750902176, -0.18626682460308075, -0.4027535319328308, -0.2621665298938751, -0.12473516166210175, -0.2767365872859955, 0.0038623386062681675, -0.05512348562479019, -0.025269517675042152, -0.3056437373161316, 0.14159944653511047, 0.06668039411306381, 0.0251444224268198, -0.1614646315574646, -0.3360598087310791, 0.0856187492609024, 0.08692596852779388, 0.05228898674249649, 0.0314236655831337, -0.02775954082608223, -0.03755558282136917, -0.12334030121564865, -0.03786422312259674, -0.004975581541657448, -0.40223175287246704, 0.5211957097053528, 0.21817713975906372, 0.6223328709602356, -0.7078666090965271, 0.2530320882797241, 0.06134890764951706, -0.08611676841974258, -0.3064844012260437, 0.539941668510437, -0.4672709107398987, 0.036851633340120316, 0.0, -0.38999998569488525, 0.47999998927116394, -0.6623125672340393, 0.30807608366012573, -0.5883525013923645, 0.3468034863471985, 0.3913252055644989, -0.45931994915008545, -0.5760126113891602, 0.5514518618583679, -0.02109065279364586, -0.44883376359939575, 0.5128645300865173, 0.010114754550158978, -0.3582713305950165, 0.933225691318512, -0.02508021518588066, 0.19980978965759277, -0.23315824568271637, -0.6632604002952576, 3.773012399673462, 0.609204888343811, -1.4570894241333008, 0.0054641542956233025, -0.4570014774799347, 0.49523377418518066, 0.02839462086558342, -0.5249257683753967, 0.8492290377616882, -0.049563560634851456, 0.6667828559875488, -0.023470159620046616, -0.723041832447052, 2.6848888397216797, -0.10758952796459198, 4.703766345977783, 0.024752933531999588, -0.446885883808136, 0.5119302272796631, 0.017900478094816208, -0.4371839463710785, 0.898368775844574, -0.03851333260536194, 0.5033398866653442, 0.30010727047920227, 0.1221107766032219, -4.595892429351807, -0.48979780077934265, 3.346513032913208, 0.039487261325120926, -0.4396670460700989, 0.5173464417457581, -0.08389568328857422, -0.3484449088573456, 0.9316186308860779, -0.060285650193691254, 0.07402114570140839, 0.5500050783157349, 0.6461981534957886, -17.333919525146484, -4.643136024475098, -1.1536176204681396, -0.07447166740894318, -0.37482374906539917, 0.504950225353241, -0.10630684345960617, -0.6467105150222778, 0.7201628684997559, 0.22766141593456268, 0.264570027589798, -0.2325165718793869, -0.3698589503765106, 2.9637229442596436, -0.4135572910308838, 0.42780423164367676, -1.1485116481781006, 3.6012158393859863, -0.6343735456466675, -0.07071691751480103, -0.0034365709871053696, 0.0038299080915749073, -1.5630550384521484, 0.6084342002868652, 0.05930095911026001, -0.01614300347864628, -0.008247154764831066, 0.004480651114135981, -1.6766988039016724, -0.906836748123169, 0.13119074702262878, 0.011541871353983879, -0.009322462603449821, 0.00713104335591197, -1.3011956214904785, -1.2266045808792114, -0.03448685631155968, 0.03388991951942444, -0.006627283990383148, 0.0018590629333630204, -1.7623268365859985, 0.42005640268325806, 0.16963623464107513, -0.004573063924908638, -0.009666996076703072, 0.00322441547177732, -0.8751614689826965, -0.5426711440086365, 1.0, -0.9070063233375549, -1.0, -1.0, -1.0, -0.7736625075340271, -0.5882973670959473, 0.9525038599967957, -1.0, 0.7286278605461121, -0.22658348083496094, 0.32256242632865906, 0.5647253394126892, 0.0006422363221645355, -1.0, 0.7362088561058044, -0.20030777156352997, 1.0]
[0.2114153504371643, 0.013233586214482784, 0.15339861810207367, -0.521962583065033, -0.5853192210197449, -0.7312692403793335, -0.2642647325992584, -0.8151078820228577, -0.7151707410812378, -0.8291367888450623, -0.09809412807226181, -0.2237590253353119, -0.8670814633369446, -0.8223984241485596, -0.19524993002414703, 0.04628215357661247, -0.5977980494499207, -0.37926042079925537, -0.5680791735649109, 0.11332041025161743, -0.8231945633888245, 0.49379900097846985, -0.06679866462945938, 0.7655826807022095, -0.5642408132553101, 0.04669130966067314, 0.35213005542755127, -0.7754268050193787, 0.6460791826248169, 0.2730100154876709, -0.5141434073448181, -0.4028109610080719, -0.37743327021598816, -0.023860184475779533, -0.13819235563278198, 1.5329163074493408, -0.2646077275276184, -0.10205366462469101, 0.8643622398376465, 0.20960192382335663, 1.5139132738113403, 1.3307222127914429, 1.4937416315078735, 1.2672380208969116, -0.2879723608493805, 0.060032960027456284, -0.4666185975074768, 0.41466209292411804, -3.658015489578247, 10.782490730285645, -0.22407209873199463, 0.46437883377075195, 0.19193784892559052, 0.0736147090792656, -0.11447406560182571, 0.6701582074165344, 0.19790348410606384, 0.04582611843943596, -0.10586626827716827, 0.43653422594070435, 0.1447642594575882, 0.044248029589653015, 0.7767561078071594, -0.25776153802871704, 0.5193274021148682, 0.12967491149902344, 0.06334318220615387, 0.05225164815783501, 0.48145103454589844, 0.21918535232543945, -0.08231271058320999, -0.03009413182735443, -0.0015388247556984425, -0.40460559725761414, 0.5157721042633057, 0.1749957799911499, 0.6558299660682678, -0.7031397223472595, 0.21179695427417755, 0.29307040572166443, -0.11876897513866425, -0.30018529295921326, 0.5498557090759277, 3.2282772064208984, 0.16520476341247559, 0.0, -0.38999998569488525, 0.47999998927116394, -0.6623125672340393, 0.30807608366012573, -0.5883525013923645, 0.3468034863471985, 0.3702036142349243, -0.4064629077911377, -0.6075164675712585, 0.5732895731925964, -0.015321045182645321, -0.45108848810195923, 0.5074366331100464, 0.012484210543334484, -0.36838850378990173, 0.9292657375335693, -0.02448020875453949, 0.4576115310192108, -0.08711379766464233, -0.1349809616804123, -0.9749428033828735, 0.17652630805969238, 1.0735700130462646, 0.016973497346043587, -0.4566158950328827, 0.4893827438354492, 0.05112677812576294, -0.5472614169120789, 0.8309860229492188, -0.08575104176998138, 0.8205425143241882, 0.04868752881884575, -0.19592899084091187, 3.7502269744873047, 0.45618048310279846, 5.410671234130859, 0.03311266005039215, -0.44162502884864807, 0.5173985958099365, 0.02657853439450264, -0.39484545588493347, 0.9159998893737793, -0.06583930552005768, 0.5532419085502625, 0.42601755261421204, 0.5366029143333435, -5.999475002288818, -0.9117324948310852, 3.4854917526245117, 0.041077520698308945, -0.43144550919532776, 0.5291533470153809, -0.11999087780714035, -0.17710812389850616, 0.9746002554893494, -0.06625078618526459, -0.04532793164253235, 0.9131566882133484, 0.9358137249946594, -22.947895050048828, -5.644503116607666, -4.150690078735352, -0.06823840737342834, -0.379126638174057, 0.5018264651298523, -0.07045914977788925, -0.6689329147338867, 0.7026874423027039, 0.2319362610578537, 0.4974763095378876, -0.29985952377319336, -0.14222073554992676, 4.69876766204834, 4.217369556427002, 3.345391035079956, -1.2838492393493652, -2.719048023223877, 2.047971725463867, 0.03282898664474487, -0.007347204256802797, 0.010250145569443703, -0.697738528251648, -3.0112693309783936, 1.5283713340759277, 0.0006570789846591651, -0.0032572047784924507, -0.00021053799719084054, -0.5337573289871216, -2.240227460861206, 1.596034049987793, 0.010644614696502686, -0.0012832621578127146, 1.3683356883120723e-05, -0.9101848602294922, -2.14323353767395, 1.82422935962677, 0.031194670125842094, -0.0013628600863739848, -0.00032962518162094057, -1.1078698635101318, -2.819645881652832, 0.15580040216445923, 0.009899548254907131, -0.012368225492537022, -0.011402355507016182, -1.0, 1.0, 0.3274269998073578, -1.0, -0.028760187327861786, -1.0, -1.0, -1.0, -0.26507139205932617, 0.6590189337730408, -1.0, 1.0, 0.4505881071090698, 0.35418012738227844, 0.3636791408061981, 0.8699051737785339, -1.0, 0.6422226428985596, -0.596153199672699, 1.0]
[0.05280018970370293, 0.027542216703295708, 0.2660268247127533, -0.6058581471443176, -0.4796369969844818, -0.6606350541114807, -0.38116976618766785, -0.8041039109230042, -0.696090042591095, -0.8302295804023743, -0.1453680396080017, -0.1260754019021988, -0.8896617293357849, -0.8309304714202881, -0.07378652691841125, 0.07379566878080368, -0.4126858711242676, -0.2912551462650299, -0.41600582003593445, 0.21790148317813873, -0.8571406602859497, 0.507737398147583, -0.17659610509872437, 0.8058370351791382, -0.6132004261016846, 0.11894984543323517, 0.5289650559425354, -0.8207135200500488, 1.13480544090271, 1.0428956747055054, -0.46667686104774475, 0.3950256407260895, 0.47951316833496094, 0.06880653649568558, -0.225764662027359, 0.5642568469047546, -0.18354079127311707, -0.06645412743091583, 0.3992947041988373, 0.06433781236410141, 1.8097254037857056, 0.5404983162879944, 1.163466215133667, 1.2982758283615112, -0.217071995139122, 0.02265371009707451, -0.7884088158607483, 0.347200483083725, -0.8030674457550049, 0.47160589694976807, 0.026672132313251495, -0.028624407947063446, 0.009888256900012493, 0.03474237769842148, -0.00219674757681787, 0.24479450285434723, 0.16600027680397034, 0.0718972235918045, -0.04911943897604942, -0.2846243381500244, -0.11458095163106918, -0.040418557822704315, -0.21567672491073608, -0.1684543788433075, -0.052744582295417786, -0.08047119528055191, -0.057462871074676514, -0.010849282145500183, 0.11013516783714294, 0.04937553405761719, -0.03513948619365692, -0.01487904042005539, 0.004261332098394632, -0.40588444471359253, 0.5104731917381287, 0.025888344272971153, 0.6982009410858154, -0.7118195295333862, 0.0718202069401741, 0.4121362268924713, -0.015686236321926117, -0.134155735373497, -0.2908633351325989, 11.293444633483887, -0.09036191552877426, 0.0, -0.38999998569488525, 0.47999998927116394, -0.6623125672340393, 0.30807608366012573, -0.5883525013923645, 0.3468034863471985, 0.24803932011127472, -0.26666608452796936, -0.6750087738037109, 0.6416611075401306, -0.007973873056471348, -0.4521595537662506, 0.5062743425369263, 0.014657612890005112, -0.3301919102668762, 0.9433383941650391, -0.029512770473957062, 0.4384598433971405, 0.041413355618715286, 0.018758423626422882, -7.394766807556152, -0.29933732748031616, 0.4834807515144348, 0.02955653890967369, -0.454597145318985, 0.49178439378738403, 0.07273188978433609, -0.5314155220985413, 0.8346424102783203, -0.12521836161613464, 0.8111847043037415, 0.2209814041852951, 0.36834704875946045, -5.113973140716553, -1.505284070968628, 5.338743209838867, 0.042608536779880524, -0.43665480613708496, 0.5228033065795898, 0.03617843985557556, -0.36584150791168213, 0.9248424172401428, -0.09755805134773254, 0.6196048855781555, 0.2975733280181885, 0.2501845955848694, -2.1020138263702393, -0.5640881061553955, 4.182466506958008, 0.04333476722240448, -0.4207332134246826, 0.5412139892578125, -0.15019258856773376, -0.0004244905721861869, 0.986466109752655, -0.06577650457620621, 0.10515427589416504, 0.9514830708503723, 0.5927822589874268, -17.92831039428711, -4.226137161254883, -2.7009706497192383, -0.059980083256959915, -0.3836882710456848, 0.5002841353416443, -0.009034957736730576, -0.6892732977867126, 0.6863633990287781, 0.23178856074810028, 0.6030609011650085, -0.29225021600723267, -0.1383460909128189, 4.641110420227051, 4.501997947692871, 5.292542934417725, 0.14323292672634125, -0.4355844259262085, -0.003753392957150936, 0.028208613395690918, 0.0017764533404260874, -0.002448786748573184, 0.0021157232113182545, -2.1651484966278076, 0.40579885244369507, 0.0394199974834919, 0.0007482000510208309, -0.0005074845976196229, -0.19512169063091278, 1.546783447265625, -0.23963136970996857, -0.01721680723130703, -0.001281615113839507, 0.0014754164731130004, -0.6800612211227417, 1.1914422512054443, -0.6616584062576294, -0.039591234177351, -0.008698955178260803, 0.001019054208882153, -0.4930274188518524, -0.314090371131897, 0.05668388307094574, 0.002052039373666048, -0.006990604568272829, 0.0016251084161922336, -1.0, 0.20543482899665833, 1.0, -1.0, 0.30351290106773376, -1.0, -0.3681323826313019, -0.23701003193855286, -0.4956257939338684, 0.009965065866708755, -1.0, 0.15546172857284546, 0.08901148289442062, 0.6915785074234009, -0.12757185101509094, 0.8066182732582092, -1.0, 0.5482876300811768, -0.9768947958946228, 1.0]
[-0.10802877694368362, -0.007519223727285862, 0.3863586187362671, -0.6568835377693176, -0.390400767326355, -0.5362749695777893, -0.4859296381473541, -0.6699272394180298, -0.6048418879508972, -0.7912636995315552, -0.24104061722755432, -0.04847462475299835, -0.9066746830940247, -0.8369230031967163, -0.0836833268404007, 0.045366521924734116, -0.1968543827533722, -0.2625766396522522, -0.339904248714447, 0.33016666769981384, -0.8774349689483643, 0.5554639101028442, -0.2989230453968048, 0.8080019354820251, -0.5970458388328552, -0.4828127324581146, 0.47285982966423035, -0.2991184890270233, 0.6566765904426575, 1.1033214330673218, -0.410977840423584, 1.6933256387710571, 1.0449541807174683, 0.7599936127662659, -0.48312613368034363, 0.7872502207756042, -0.144730806350708, -0.049427397549152374, -0.3171863257884979, -0.20833642780780792, 2.0662736892700195, 0.11596651375293732, 0.354408323764801, 1.4298086166381836, -0.11949244886636734, 0.16155090928077698, -0.7392265796661377, -0.1513551026582718, 0.46595051884651184, -6.400672912597656, -0.0071627357974648476, -0.25284722447395325, -0.1050657331943512, -0.042357467114925385, 0.035276707261800766, -0.09990867227315903, 0.028622904792428017, 0.052796944975852966, -0.03189607337117195, -0.3442308306694031, -0.11426880955696106, -0.03496032953262329, -0.8585618734359741, -0.04472678154706955, -0.4908132553100586, -0.17542201280593872, -0.08040651679039001, 0.0712091401219368, -0.18201054632663727, -0.0785587802529335, -0.038411784917116165, -0.023223180323839188, 0.011387327685952187, -0.40610384941101074, 0.5063074231147766, -0.2421513944864273, 0.6693002581596375, -0.6776764392852783, -0.18480898439884186, 0.4378010034561157, -0.0122774513438344, -0.27661392092704773, -0.12300341576337814, 8.104412078857422, 0.15906421840190887, 0.0, -0.38999998569488525, 0.47999998927116394, -0.6623125672340393, 0.30807608366012573, -0.5883525013923645, 0.3468034863471985, -0.02137170359492302, -0.017312299460172653, -0.7124382257461548, 0.7011956572532654, -0.0005867529544048011, -0.4527440667152405, 0.5018400549888611, 0.017406607046723366, -0.27885639667510986, 0.9595839977264404, -0.0336822010576725, 0.4545392692089081, 0.0370631068944931, -0.37323933839797974, -4.966666221618652, 0.17150823771953583, 0.7358465194702148, 0.04095452278852463, -0.4501049816608429, 0.4971860349178314, 0.07723306119441986, -0.4483783543109894, 0.873928427696228, -0.17099995911121368, 0.6316437125205994, 0.47604668140411377, 0.48177415132522583, -13.928878784179688, -5.993930339813232, 4.743178844451904, 0.05281869322061539, -0.43221017718315125, 0.522834062576294, 0.04776344075798988, -0.35402244329452515, 0.9238335490226746, -0.13754332065582275, 0.6565629839897156, 0.28412705659866333, -0.15219421684741974, -0.42968153953552246, -0.6060022115707397, 5.3645758628845215, 0.04859156906604767, -0.41089633107185364, 0.5458146333694458, -0.15750636160373688, 0.10916487127542496, 0.9786055088043213, -0.07487339526414871, 0.3955669403076172, 0.6517395377159119, -0.015540270134806633, -9.194540977478027, -0.39251869916915894, 0.33085212111473083, -0.05109885334968567, -0.3878321051597595, 0.49648720026016235, 0.07577230036258698, -0.714083731174469, 0.6590182781219482, 0.22369155287742615, 0.6481165289878845, -0.25073346495628357, -0.4261198043823242, 7.858034610748291, 6.04718017578125, 7.64117956161499, -0.04920223727822304, 1.4083735942840576, -1.3564205169677734, -0.021231865510344505, -0.0019346660701557994, 0.0003690393059514463, 0.37388309836387634, -0.44663697481155396, -0.5568727850914001, 0.04609739035367966, 0.003430715762078762, 0.00023781252093613148, -0.05241254344582558, 1.6778533458709717, -1.1757762432098389, -0.009792529977858067, -0.0013230909826233983, 0.003354754764586687, -0.3861519992351532, 1.8326157331466675, -2.937070369720459, -0.05291728675365448, -0.013812540099024773, 0.00048028590390458703, -0.7577034831047058, 1.7224195003509521, 0.11503028869628906, -0.008581473492085934, -0.011099922470748425, -0.007216544356197119, -1.0, -0.7801226377487183, 1.0, -0.7957918047904968, -0.10845252126455307, -1.0, 0.5769195556640625, 0.1144506111741066, -1.0, 0.41680198907852173, -1.0, -1.0, -0.3394051194190979, 1.0, -0.293241947889328, 1.0, -1.0, 0.939447283744812, -0.9645505547523499, 0.6289229989051819]
[-0.26244091987609863, -0.08262252807617188, 0.45213082432746887, -0.6517128944396973, -0.26342126727104187, -0.41987255215644836, -0.5771132707595825, -0.45237764716148376, -0.48926466703414917, -0.6742182970046997, -0.3590279221534729, 0.037768855690956116, -0.9216817617416382, -0.8420741558074951, -0.13410376012325287, 0.07204049825668335, 0.0046052271500229836, -0.2179161012172699, -0.3130049705505371, 0.4387337565422058, -0.8927367925643921, 0.6010004878044128, -0.41163191199302673, 0.752026379108429, -0.5625006556510925, -0.5509758591651917, 0.15232424437999725, 0.24097521603107452, 1.4507867097854614, 1.2690231800079346, -0.3521745502948761, 2.1853458881378174, 1.0857905149459839, 1.2973560094833374, -0.4847748279571533, 0.8007743954658508, -0.1346615105867386, -0.04705318808555603, -0.18664522469043732, 0.28252559900283813, 1.753408670425415, 0.5712341070175171, 0.338655561208725, 1.2892191410064697, -0.1146993637084961, 0.0813528299331665, -0.6741377711296082, -0.7072328329086304, 0.9668369293212891, -0.16654634475708008, -0.04598310589790344, 0.12716680765151978, 0.10267681628465652, 0.05683554336428642, 0.01760486699640751, 0.08393160253763199, 0.029632240533828735, 0.02394397184252739, 0.03259839862585068, -0.0449594147503376, -0.012950426898896694, -0.0036313561722636223, 0.10040350258350372, 0.1090729832649231, -0.09084583818912506, -0.014081282541155815, 0.006738809868693352, -0.03314000740647316, 0.06344354152679443, 0.01582304760813713, 0.03265395388007164, -0.0005640159361064434, 0.019499853253364563, -0.4059685170650482, 0.4999849200248718, -0.4186010956764221, 0.5988150835037231, -0.5934602618217468, -0.3376366198062897, 0.5106090307235718, 0.01647396944463253, -0.4067190885543823, 0.22289930284023285, 5.7419328689575195, 0.48362094163894653, 0.0, -0.38999998569488525, 0.47999998927116394, -0.6623125672340393, 0.30807608366012573, -0.5883525013923645, 0.3468034863471985, -0.19930991530418396, 0.1649177521467209, -0.6721051335334778, 0.6937956809997559, 0.007545351982116699, -0.4514714181423187, 0.4970513582229614, 0.022141700610518456, -0.20495013892650604, 0.9773944616317749, -0.04695824533700943, 0.5098806023597717, 0.30497923493385315, -0.13530370593070984, -12.102437973022461, -0.5866532921791077, 2.404642105102539, 0.049711380153894424, -0.442949116230011, 0.5030032396316528, 0.05631501227617264, -0.3069145083427429, 0.9243767261505127, -0.21945330500602722, 0.3520600497722626, 0.7226616740226746, 0.5436648726463318, -17.79142189025879, -9.600902557373047, 3.8693442344665527, 0.06250970810651779, -0.4275108873844147, 0.5197176933288574, 0.05811510980129242, -0.34869134426116943, 0.9178771376609802, -0.18038390576839447, 0.5814234614372253, 0.3122777044773102, -0.19690072536468506, -0.11526964604854584, -0.8160620927810669, 5.150251865386963, 0.053768642246723175, -0.4021448791027069, 0.5450966358184814, -0.15678484737873077, 0.1832302063703537, 0.9674856066703796, -0.07626798003911972, 0.24703070521354675, 0.6558019518852234, -0.14464277029037476, -9.117020606994629, -1.1967101097106934, -2.081120491027832, -0.04262668266892433, -0.3908519744873047, 0.4904320240020752, 0.1750425100326538, -0.7428538203239441, 0.6145532727241516, 0.19963079690933228, 0.6139549612998962, -0.12464035302400589, -0.5293735861778259, 9.515238761901855, 4.892513275146484, 9.287795066833496, -0.20793181657791138, -1.3388484716415405, 0.5051671266555786, 0.03675282001495361, -0.002151500666514039, 0.005657981149852276, 0.4573403000831604, -0.5531615018844604, 0.06241346895694733, 0.015646550804376602, 0.002511810977011919, -0.002637305064126849, 0.3377854526042938, 0.16547441482543945, -0.08072692155838013, -0.0011492401827126741, 0.0015425863675773144, -0.00179324543569237, 0.7493146657943726, 0.09846612811088562, -0.23249240219593048, 0.008215801790356636, -0.0006093317060731351, -0.011211544275283813, 0.285880446434021, 0.41642987728118896, -0.08518960326910019, -0.0020564505830407143, -0.005138101987540722, 0.005330571439117193, -1.0, -0.533042848110199, 0.49206551909446716, -0.37779781222343445, 0.7408924102783203, -1.0, 0.9588643908500671, 0.15695664286613464, -1.0, 0.5183902978897095, -1.0, -0.2988399863243103, 0.6814436912536621, 1.0, 0.1966177523136139, 1.0, -1.0, 0.7045928239822388, -1.0, 0.23278507590293884]
[-0.4054303765296936, -0.1534617692232132, 0.3677294850349426, -0.6416191458702087, -0.0964883491396904, -0.25372374057769775, -0.618771493434906, -0.2298470437526703, -0.3827204704284668, -0.5369476675987244, -0.40268534421920776, 0.07698294520378113, -0.933830738067627, -0.8462345600128174, -0.14186634123325348, 0.17940129339694977, 0.14344322681427002, -0.1263897716999054, -0.24594493210315704, 0.5334119200706482, -0.9066192507743835, 0.5451586246490479, -0.5121433138847351, 0.7038576602935791, -0.5182358026504517, -0.46667003631591797, -0.43238577246665955, 0.10837014019489288, 1.6101478338241577, 1.7806787490844727, -0.17608363926410675, 1.9190034866333008, 0.9338256120681763, 1.228986144065857, -0.013009021058678627, 0.1235150620341301, -0.10515741258859634, -0.03509129211306572, 0.04466653987765312, 0.5258206129074097, 1.0365256071090698, 0.9894623160362244, 0.9150258302688599, 1.1006888151168823, -0.10346660763025284, -0.25622132420539856, -0.5877431035041809, -0.30767253041267395, 0.7614367008209229, 0.7718088626861572, 0.014524849131703377, 0.07842477411031723, 0.031893353909254074, 0.026132836937904358, -0.03760804235935211, -0.1446731686592102, -0.08841829001903534, -0.040458373725414276, 0.11464905738830566, -0.1701992005109787, -0.07142753154039383, -0.025967739522457123, 0.2242269217967987, 0.057488128542900085, -0.1174415722489357, -0.04056776314973831, 0.008792511187493801, -0.04783313721418381, 0.08058880269527435, -0.004307230934500694, 0.04299424961209297, 0.028145723044872284, 0.027039911597967148, -0.4038727283477783, 0.4955967366695404, -0.5183383822441101, 0.54488205909729, -0.5368597507476807, -0.38237467408180237, 0.22709985077381134, 0.18184597790241241, -0.027103150263428688, 1.1429919004440308, -0.3223983943462372, 1.7241013050079346, 0.0, -0.38999998569488525, 0.47999998927116394, -0.6623125672340393, 0.30807608366012573, -0.5883525013923645, 0.3468034863471985, -0.2778241038322449, 0.25616422295570374, -0.6123505234718323, 0.694421112537384, 0.017771612852811813, -0.4484851062297821, 0.49334728717803955, 0.020561717450618744, -0.0921022817492485, 0.9917826652526855, -0.08638019859790802, 0.576426088809967, 0.43941426277160645, -0.143702894449234, -14.898730278015137, -2.663910150527954, 5.16398286819458, 0.05503919720649719, -0.43465495109558105, 0.5083835124969482, 0.01912541873753071, -0.15374065935611725, 0.9546659588813782, -0.25418660044670105, 0.13415424525737762, 0.746565580368042, 0.3333450257778168, -15.45916748046875, -9.54374885559082, 2.598947763442993, 0.07060408592224121, -0.4242606461048126, 0.5150215029716492, 0.06710594147443771, -0.3582603633403778, 0.9076778292655945, -0.20800761878490448, 0.47686928510665894, 0.12982679903507233, -0.3437778949737549, 2.326955556869507, 0.677681565284729, 2.650120735168457, 0.05720406025648117, -0.39433303475379944, 0.5431208610534668, -0.15967701375484467, 0.26922306418418884, 0.9478492140769958, -0.06003330647945404, 0.1808651238679886, 0.5904678702354431, -0.2267504334449768, -11.015608787536621, -2.2810916900634766, -3.927107334136963, -0.03546909987926483, -0.39240553975105286, 0.4840278625488281, 0.25512412190437317, -0.7684231996536255, 0.5601239800453186, 0.17520977556705475, 0.45211878418922424, -0.0044618709944188595, -0.5152000784873962, 8.78042984008789, 3.8584563732147217, 5.652345657348633, 0.2239001989364624, -0.5005828142166138, 0.32246920466423035, 0.018624095246195793, 0.0004690013884101063, -0.0006422583828680217, 0.08700962364673615, 1.158979892730713, -0.4814806580543518, -0.023073680698871613, -0.000369044195394963, 0.0011617348063737154, 0.7430446743965149, 0.9571437835693359, -0.04964418336749077, -0.011610584333539009, 0.005734160542488098, -0.009122765623033047, 0.5250405073165894, 0.29413217306137085, -0.3035498261451721, 0.013204492628574371, 0.0013324752217158675, -0.006108035333454609, 0.8827486038208008, 0.40322545170783997, -0.15769091248512268, -0.0032040574587881565, 0.014021750539541245, 0.008627058006823063, -1.0, -0.4550439119338989, -1.0, -0.678242564201355, 0.8489043116569519, -0.4461771249771118, 1.0, 0.1280282437801361, -0.1988154649734497, 0.015991706401109695, -1.0, 0.02021763287484646, 1.0, 0.6381824016571045, 0.5195593237876892, 1.0, -1.0, -0.27473437786102295, -1.0, 0.5916439294815063]
[-0.5355169773101807, -0.17701026797294617, 0.2581801116466522, -0.6137949228286743, 0.024956325069069862, -0.07351358234882355, -0.633672297000885, -0.03616078570485115, -0.34279653429985046, -0.43862876296043396, -0.34961533546447754, 0.1284574568271637, -0.9475910067558289, -0.8513187170028687, -0.08520001173019409, 0.3060760796070099, 0.2362031489610672, -0.06500692665576935, -0.14482684433460236, 0.6141324043273926, -0.9239760637283325, 0.4434327781200409, -0.599709153175354, 0.7133384346961975, -0.4572751522064209, 0.04984000325202942, -0.5101723074913025, 0.3205026388168335, 0.8528648614883423, 1.4597431421279907, 0.033082928508520126, 1.7721147537231445, 0.06923822313547134, 0.5477689504623413, 0.34019410610198975, 0.6794597506523132, -0.12958310544490814, -0.05220139026641846, 0.38986071944236755, 0.5157941579818726, 0.7681260704994202, 0.34342849254608154, 0.8033895492553711, 0.9346470236778259, -0.13386185467243195, -0.24572408199310303, -0.5082961320877075, 0.2938956618309021, 1.7128492593765259, 6.120733261108398, 0.045444563031196594, 0.38714390993118286, 0.044139157980680466, -0.02332574501633644, 0.045485660433769226, 0.2771822512149811, 0.0057472605258226395, -0.042151108384132385, 0.09739253669977188, 0.4827834665775299, 0.18634946644306183, 0.0634256899356842, 0.6557926535606384, 0.001958640059456229, 0.21396112442016602, -0.01900791935622692, -0.033797990530729294, -0.12233328819274902, 0.2264358103275299, 0.11525419354438782, 0.13193540275096893, 0.05687660723924637, 0.02908937633037567, -0.401647686958313, 0.4991095960140228, -0.5715162754058838, 0.5204329490661621, -0.5581742525100708, -0.30159586668014526, 0.06152874231338501, 0.13504143059253693, 0.3333522081375122, 0.8118720054626465, -0.7539074420928955, 2.322525978088379, 0.0, -0.38999998569488525, 0.47999998927116394, -0.6623125672340393, 0.30807608366012573, -0.5883525013923645, 0.3468034863471985, -0.2637166678905487, 0.2399696409702301, -0.5396402478218079, 0.7626640796661377, 0.027237500995397568, -0.44491153955459595, 0.49406301975250244, 0.005680422764271498, 0.02929961495101452, 0.9914214015007019, -0.12725061178207397, 0.47066497802734375, 0.41130736470222473, 0.18370544910430908, -12.782205581665039, -4.012646675109863, 5.023083209991455, 0.05858230218291283, -0.42668136954307556, 0.5148879289627075, -0.013492757454514503, -0.03565231338143349, 0.9602491855621338, -0.27652910351753235, 0.04646982252597809, 0.6295458674430847, 0.48928841948509216, -10.316754341125488, -6.44883394241333, 1.5568245649337769, 0.07603494822978973, -0.420526921749115, 0.5149356126785278, 0.07074566930532455, -0.3521727919578552, 0.9073847532272339, -0.21822497248649597, 0.23765236139297485, 0.30070948600769043, 0.2352970838546753, -2.587527275085449, -0.8320043087005615, 0.5564939975738525, 0.05871269851922989, -0.3871786892414093, 0.5438662171363831, -0.17015372216701508, 0.3548835813999176, 0.9185299277305603, -0.037523481994867325, 0.02375956065952778, 0.5407488942146301, 0.05819602683186531, -9.085399627685547, -3.439074754714966, -3.249706268310547, -0.02965034544467926, -0.39301925897598267, 0.4799405038356781, 0.30320388078689575, -0.781090497970581, 0.519032895565033, 0.1690261960029602, 0.3229607045650482, 0.008825644850730896, -0.200205460190773, 3.78969144821167, 3.3785500526428223, 2.3655900955200195, 0.47525298595428467, 0.32446879148483276, 1.8924875259399414, -0.018458712846040726, 0.0015753163024783134, -0.0021190932020545006, 0.37709638476371765, 0.47813355922698975, 1.4499741792678833, -0.03497910872101784, -0.0025487099774181843, -0.005890769883990288, 0.6386308670043945, -2.6430492401123047, 1.2841225862503052, 0.02377995289862156, 0.003304595360532403, -0.007915266789495945, 0.4328390955924988, 1.223395586013794, 1.3850338459014893, -0.015447055920958519, 0.0073457458056509495, -0.002934209071099758, 2.1216013431549072, -1.439651370048523, -0.665012538433075, 0.012277733534574509, 0.022930985316634178, 0.008241423405706882, -1.0, 0.2665911614894867, -1.0, -0.23834313452243805, 0.4697389602661133, -0.19909437000751495, 1.0, -0.4535110890865326, 0.27693307399749756, 0.7054333090782166, -1.0, 0.6563135385513306, 1.0, 0.6671104431152344, 0.016914289444684982, 1.0, -1.0, -0.05684691667556763, -1.0, 1.0]
[-0.6479776501655579, -0.1690295785665512, 0.1581554114818573, -0.5523682832717896, 0.06799528002738953, 0.031603969633579254, -0.6096057891845703, 0.14354005455970764, -0.3465149998664856, -0.4160705804824829, -0.24716375768184662, 0.23240849375724792, -0.9595872759819031, -0.856408417224884, 0.03863717243075371, 0.41999903321266174, 0.3047204315662384, 0.018969301134347916, -0.06888111680746078, 0.6810169816017151, -0.938086986541748, 0.32591262459754944, -0.6716899275779724, 0.7515982389450073, -0.3866663873195648, 0.07188770920038223, -0.3654162287712097, 0.6423109769821167, 0.12709686160087585, 0.5487167239189148, 0.15672743320465088, 1.6648616790771484, -0.09040851145982742, 0.045244842767715454, 0.4626711905002594, 1.1162487268447876, -0.0954335629940033, -0.041481439024209976, 0.6741139888763428, 0.4433216154575348, 0.5672673583030701, 1.0049147605895996, 0.8120423555374146, 0.7645540833473206, -0.08631154894828796, -0.31165796518325806, -0.40808793902397156, 0.3840038478374481, 2.043362617492676, 0.5318318605422974, 0.09235356748104095, 0.0670635849237442, -0.027940625324845314, -0.05080390349030495, 0.051396336406469345, -0.014606567099690437, -0.020974628627300262, -0.01962331309914589, 0.07081907987594604, 0.12067948281764984, 0.054929960519075394, 0.02071361057460308, 0.23507487773895264, 0.016779841855168343, 0.002231830731034279, 0.024474795907735825, 0.020810013636946678, -0.03260039538145065, -0.0008854232146404684, -0.0036574387922883034, 0.052586622536182404, 0.018689382821321487, 0.028192367404699326, -0.4006713926792145, 0.5047469139099121, -0.6209539175033569, 0.47469574213027954, -0.5866641998291016, -0.21190840005874634, -0.09751415997743607, 0.04124423488974571, 0.3294324576854706, 0.666198194026947, -0.7044433951377869, 2.6781294345855713, 0.0, -0.38999998569488525, 0.47999998927116394, -0.6623125672340393, 0.30807608366012573, -0.5883525013923645, 0.3468034863471985, -0.25714734196662903, 0.2066948115825653, -0.45122987031936646, 0.8291827440261841, 0.035113848745822906, -0.44139984250068665, 0.4981159269809723, -0.012660830281674862, 0.11195016652345657, 0.9805015325546265, -0.1610081046819687, 0.36128416657447815, 0.28841283917427063, 0.21987225115299225, -6.40643835067749, -2.7091574668884277, 3.7801454067230225, 0.06022156402468681, -0.4190175235271454, 0.5221340656280518, -0.034856293350458145, 0.04120609909296036, 0.9561890959739685, -0.2877313196659088, -0.02922055684030056, 0.5663854479789734, 0.3887467682361603, -7.118876934051514, -4.482336521148682, 0.8198890089988708, 0.07867986708879471, -0.4150856137275696, 0.5196589231491089, 0.06648961454629898, -0.31834888458251953, 0.9197818040847778, -0.2196236103773117, 0.07418740540742874, 0.41018810868263245, 0.37181761860847473, -4.886059284210205, -1.8861305713653564, -0.42084601521492004, 0.05768816918134689, -0.3795643150806427, 0.5464295148849487, -0.18998950719833374, 0.43923455476760864, 0.8780149817466736, -0.008167752996087074, -0.10680282860994339, 0.5806273818016052, -0.018938247114419937, -11.507391929626465, -5.329948425292969, -4.5663042068481445, -0.024991266429424286, -0.3932514488697052, 0.47786930203437805, 0.3314227759838104, -0.7854448556900024, 0.49266359210014343, 0.1746935099363327, 0.23724225163459778, 0.017300572246313095, -0.14318056404590607, 2.5552380084991455, 2.968358039855957, 1.0598284006118774, 0.6539842486381531, 0.7544050216674805, 0.055310219526290894, -0.03948783129453659, -0.0018130614189431071, -0.006334986072033644, 0.47161999344825745, 0.34408336877822876, -0.09710929542779922, -0.0144620630890131, -0.0006327288574539125, -0.004270303063094616, 0.5319040417671204, -0.7497665286064148, 0.13347657024860382, 0.009467113763093948, 0.002253011567518115, -0.00324622867628932, 0.5638675689697266, -0.13675710558891296, 0.2219763994216919, 0.018758658319711685, 0.002727519255131483, -0.003420633962377906, 0.7628481984138489, 0.13095098733901978, -0.19076712429523468, 0.0017371948342770338, 0.006483812350779772, 0.005131288431584835, -1.0, -0.07285928726196289, -1.0, 0.07615314424037933, 0.1268833875656128, 0.07056896388530731, 1.0, -0.4285530745983124, 0.44508469104766846, 1.0, -1.0, 1.0, 1.0, 0.6196719408035278, 0.7258303761482239, 1.0, -1.0, -0.4259667992591858, -1.0, 1.0]
[-0.7391388416290283, -0.1572537124156952, 0.06194109469652176, -0.4988420903682709, 0.11500365287065506, 0.06805894523859024, -0.5833083391189575, 0.30439019203186035, -0.33487969636917114, -0.4130387604236603, -0.10868462920188904, 0.35112524032592773, -0.9678327441215515, -0.8599382638931274, 0.1857433319091797, 0.516761839389801, 0.34184345602989197, 0.1526447981595993, 0.04878930374979973, 0.735930323600769, -0.947336733341217, 0.1587735116481781, -0.7300735712051392, 0.7910297513008118, -0.3055594265460968, 0.09182226657867432, -0.45874595642089844, 0.3946700990200043, 0.5824568271636963, 0.3636554181575775, 0.12389346212148666, 1.431947112083435, 0.21182703971862793, 0.04621895030140877, 0.6247243285179138, 1.089086890220642, -0.06400112807750702, -0.02656974270939827, 0.6799057126045227, 0.3738260269165039, 0.22443003952503204, 1.3546751737594604, 1.3789951801300049, 0.6291114687919617, -0.0593843050301075, -0.46319422125816345, -0.332681268453598, 0.35375672578811646, 2.1529576778411865, 0.2988424301147461, 0.02179678902029991, -0.05322441831231117, 0.007563736755400896, 0.01033085584640503, 0.0396898090839386, -0.06079091876745224, -0.007909990847110748, 0.0001393284765072167, 0.07391415536403656, -0.029765531420707703, -0.009471563622355461, -0.0027906931936740875, 0.08478713035583496, 0.0029436449985951185, -0.0691986158490181, -0.01994507387280464, 0.016030263155698776, -0.020140256732702255, -0.03513722121715546, -0.029051121324300766, 0.04290176182985306, 0.01222902163863182, 0.02603735402226448, -0.40120410919189453, 0.5092693567276001, -0.6580788493156433, 0.4207855463027954, -0.6143075823783875, -0.11179408431053162, -0.1418965607881546, -0.047923725098371506, 0.2406490594148636, 0.7227747440338135, -0.8838987350463867, 2.6660773754119873, 0.0, -0.38999998569488525, 0.47999998927116394, -0.6623125672340393, 0.30807608366012573, -0.5883525013923645, 0.3468034863471985, -0.24394989013671875, 0.16068971157073975, -0.35477155447006226, 0.8881466388702393, 0.04125364497303963, -0.43775779008865356, 0.5020351409912109, -0.030362527817487717, 0.1663827896118164, 0.9672478437423706, -0.18927894532680511, 0.2720731198787689, 0.31217703223228455, 0.1790153980255127, -6.464547157287598, -3.101069450378418, 3.8086588382720947, 0.060273751616477966, -0.4113878309726715, 0.528135359287262, -0.05508828163146973, 0.10997126996517181, 0.9478174448013306, -0.2941320538520813, -0.11654243618249893, 0.5626605749130249, 0.2883543372154236, -7.4016194343566895, -4.891097068786621, 0.5841834545135498, 0.07940107583999634, -0.4092082977294922, 0.524943470954895, 0.058639101684093475, -0.2759265601634979, 0.9355959892272949, -0.21233457326889038, -0.027395237237215042, 0.4085219204425812, 0.34654876589775085, -5.169708728790283, -1.7705779075622559, -1.5721006393432617, 0.0556209571659565, -0.3726697862148285, 0.5479763150215149, -0.2091362029314041, 0.5393947958946228, 0.8150169253349304, 0.03259711340069771, -0.07317492365837097, 0.4755173921585083, -0.15811794996261597, -13.90512752532959, -5.878213405609131, -6.284740924835205, -0.021649070084095, -0.3931388556957245, 0.4762941598892212, 0.34778323769569397, -0.790446400642395, 0.46957334876060486, 0.1836901754140854, 0.14251837134361267, 0.033567462116479874, -0.11648571491241455, 2.2659401893615723, 2.399447202682495, -0.14742803573608398, 0.29734697937965393, -0.23582473397254944, -0.1656646877527237, 0.0067934864200651646, 0.0009949568193405867, 0.000806781928986311, 0.4300176501274109, 0.06328226625919342, -0.1944851577281952, 0.0010885624215006828, -0.0008202148601412773, -0.003431106684729457, 0.5459223389625549, 0.134171262383461, 0.0013370729284361005, -0.0007781240274198353, 0.00226392550393939, -0.0038996548391878605, 0.18467603623867035, -0.07783351838588715, -0.4413539171218872, 0.01486276090145111, -0.000839585205540061, 0.0008138881530612707, 0.5765879154205322, 0.4094070494174957, -0.1386629343032837, -0.0008550882921554148, 0.0030036168172955513, 0.005338982678949833, -1.0, -0.08512914180755615, -1.0, -0.14286236464977264, 0.6223462820053101, -0.21880705654621124, 1.0, -0.15646150708198547, 0.816670298576355, 1.0, -1.0, 1.0, 1.0, 0.4086970388889313, 1.0, 1.0, -1.0, -1.0, -1.0, 1.0]
[-0.8087577223777771, -0.15900485217571259, -0.05003160983324051, -0.4882925748825073, 0.1661454290151596, 0.1205570176243782, -0.5572583079338074, 0.405925989151001, -0.29285570979118347, -0.3978383541107178, 0.04937194287776947, 0.46060702204704285, -0.9730222225189209, -0.8619709014892578, 0.32642486691474915, 0.5975323915481567, 0.3346872627735138, 0.29310348629951477, 0.21132172644138336, 0.7809457778930664, -0.9536042809486389, -0.021247023716568947, -0.7771773934364319, 0.8258258104324341, -0.22862914204597473, -0.08817685395479202, -0.47898316383361816, -0.09431001543998718, 0.3947887420654297, 0.5486506819725037, 0.11716848611831665, 0.6930925250053406, 0.4765603542327881, 0.29829785227775574, 0.6611893773078918, 0.9684653282165527, -0.039550408720970154, -0.01404073741286993, 0.6246322393417358, 0.31054922938346863, -0.2270609438419342, 1.2617944478988647, 1.5773433446884155, 0.5150915384292603, -0.040552448481321335, -0.43226900696754456, -0.26718541979789734, 0.30426573753356934, 1.9297258853912354, -2.009547472000122, 0.046519193798303604, -0.22611486911773682, -0.0815255269408226, -0.019940711557865143, 0.02944740280508995, -0.2831538915634155, -0.09061171859502792, -0.014980664476752281, 0.04521910473704338, -0.17126011848449707, -0.06484857201576233, -0.021778007969260216, -0.0942506268620491, 0.012823406606912613, -0.1597708761692047, -0.06120741367340088, -0.01642584428191185, 0.016978448256850243, -0.11377989500761032, -0.04533408582210541, -0.0010987366549670696, -0.0013297749683260918, 0.02452128194272518, -0.4039309620857239, 0.5104941129684448, -0.6786556839942932, 0.37664279341697693, -0.6305197477340698, -0.003374628024175763, -0.06675591319799423, -0.2075304239988327, -0.02296825498342514, 1.2058329582214355, -0.9468616843223572, 2.3748652935028076, 0.0, -0.38999998569488525, 0.47999998927116394, -0.6623125672340393, 0.30807608366012573, -0.5883525013923645, 0.3468034863471985, -0.2102445363998413, 0.11334829032421112, -0.2610296308994293, 0.935314416885376, 0.04647121578454971, -0.43499353528022766, 0.5027998089790344, -0.04866229370236397, 0.2069825530052185, 0.9530223608016968, -0.2157278209924698, 0.2464057207107544, 0.15796121954917908, -0.09538012742996216, -3.219533681869507, -2.111760139465332, 3.473176956176758, 0.06020858883857727, -0.4057607352733612, 0.5307588577270508, -0.07346905767917633, 0.1679358184337616, 0.9373137354850769, -0.29638272523880005, -0.049447719007730484, 0.34212854504585266, 0.010839992202818394, -5.6124491691589355, -3.980834722518921, 0.29134902358055115, 0.07921063899993896, -0.40395715832710266, 0.5284104347229004, 0.05149555206298828, -0.23838306963443756, 0.9493888020515442, -0.19794565439224243, -0.04715120419859886, 0.33803918957710266, 0.16066497564315796, -4.059520244598389, -1.0636909008026123, -2.081998109817505, 0.053948499262332916, -0.36873170733451843, 0.5475878119468689, -0.2187868058681488, 0.6294389367103577, 0.7415663003921509, 0.07757822424173355, 0.008962328545749187, 0.18149273097515106, -0.26205509901046753, -11.156208992004395, -4.839829444885254, -6.3158369064331055, -0.019474653527140617, -0.3927145302295685, 0.4744153916835785, 0.3583325445652008, -0.7970943450927734, 0.4457545876502991, 0.19375567138195038, 0.07532872259616852, 0.055558186024427414, -0.1673227697610855, 2.5351219177246094, 2.395242214202881, -0.5260650515556335, 0.3757964074611664, 0.1456996500492096, -1.4249913692474365, -0.017755217850208282, -0.0006819566478952765, -0.0017783103976398706, 0.4188755750656128, 0.6444621682167053, -1.3579919338226318, -0.005313732661306858, 1.5584180800942704e-05, -0.002861777786165476, 0.3740406334400177, 0.9072165489196777, -0.5055404901504517, -0.008169760927557945, 0.000979570671916008, -0.0013605068670585752, 0.14436715841293335, 0.002344648353755474, -1.16184663772583, -0.016390671953558922, -0.003036477603018284, 0.0030724788084626198, -0.030486227944493294, 0.7278163433074951, 0.14862777292728424, -0.0021346816793084145, -0.0008419936639256775, 0.001354221603833139, -1.0, -0.3989245593547821, -1.0, -0.5134681463241577, 0.4300349950790405, -0.28132182359695435, 0.5069798231124878, 0.020199932157993317, 0.9657782316207886, 1.0, -1.0, 1.0, 1.0, 0.08877667784690857, 1.0, 1.0, -1.0, -1.0, -1.0, 1.0]
[-0.8593901991844177, -0.19553330540657043, -0.15579821169376373, -0.5183184146881104, 0.18276067078113556, 0.16579455137252808, -0.5491033792495728, 0.44053083658218384, -0.25815823674201965, -0.3539923429489136, 0.20058825612068176, 0.5480213761329651, -0.9758137464523315, -0.862772524356842, 0.4426209628582001, 0.6597194671630859, 0.31535014510154724, 0.4161423444747925, 0.3690052628517151, 0.8177935481071472, -0.9576749205589294, -0.17975124716758728, -0.8149769902229309, 0.8553914427757263, -0.16211557388305664, -0.3625255227088928, -0.3479335606098175, -0.4314006268978119, -0.04028506949543953, 0.23228131234645844, -0.041159410029649734, 0.1377488374710083, 0.23059427738189697, 0.41977906227111816, 0.6806663274765015, 0.24638132750988007, 0.0020711191464215517, 0.005598108749836683, 0.29125386476516724, 0.10387855023145676, 0.049989115446805954, 1.0611011981964111, 1.3726714849472046, 0.423209011554718, -0.028845343738794327, -0.36916327476501465, -0.2160833328962326, 0.2560926675796509, 1.6477763652801514, -2.6368885040283203, 0.11428244411945343, -0.22953949868679047, -0.10036660730838776, -0.0466846227645874, -0.0040740687400102615, -0.24211280047893524, -0.103133924305439, -0.03629494830965996, 0.05196772888302803, -0.7023574113845825, -0.2864806056022644, -0.10195248574018478, -0.47321414947509766, -0.03783472254872322, 0.007714203093200922, 0.03405569866299629, 0.002807822311297059, 0.026989469304680824, -0.12823238968849182, -0.050426144152879715, -0.018906131386756897, -0.006586267612874508, 0.024699149653315544, -0.4086754024028778, 0.5071407556533813, -0.6858341693878174, 0.35309332609176636, -0.6270941495895386, 0.10821032524108887, 0.05082036927342415, -0.29340216517448425, -0.299762099981308, 1.763655662536621, -0.8001592755317688, 1.8660997152328491, 0.0, -0.38999998569488525, 0.47999998927116394, -0.6623125672340393, 0.30807608366012573, -0.5883525013923645, 0.3468034863471985, -0.15163001418113708, 0.0772969052195549, -0.1763816475868225, 0.9694963097572327, 0.05119017884135246, -0.43399420380592346, 0.49843281507492065, -0.058440420776605606, 0.20633986592292786, 0.9469432830810547, -0.23938880860805511, 0.2568610906600952, -0.041043587028980255, -0.3707016706466675, 2.889008045196533, 0.9383415579795837, 2.509565830230713, 0.06151537597179413, -0.40373966097831726, 0.528883695602417, -0.08626201003789902, 0.1983952522277832, 0.9293802976608276, -0.29908260703086853, 0.08498797565698624, 0.060134291648864746, -0.22164636850357056, -1.5210601091384888, -1.5872749090194702, 0.849672794342041, 0.07912718504667282, -0.4003286063671112, 0.528212308883667, 0.04889927804470062, -0.2168368101119995, 0.9580775499343872, -0.1807703971862793, 0.04677222669124603, 0.03645040839910507, -0.19874972105026245, 0.121421217918396, 1.019463300704956, -2.4766573905944824, 0.05317617952823639, -0.3672748804092407, 0.5449486970901489, -0.21581487357616425, 0.6944727301597595, 0.6762963533401489, 0.11728077381849289, 0.12462711334228516, 0.0976385697722435, -0.34988752007484436, -9.249326705932617, -2.3323333263397217, -5.61090087890625, -0.018256710842251778, -0.39189305901527405, 0.4712740182876587, 0.36882099509239197, -0.8054117560386658, 0.4167202115058899, 0.20402751863002777, 0.015514269471168518, 0.09071207791566849, -0.2621389925479889, 3.279550552368164, 2.699671983718872, -0.6392823457717896, 0.6316930055618286, 0.43168649077415466, -1.5810880661010742, -0.0402093268930912, -0.005259489640593529, -0.007910758256912231, 0.32578158378601074, 0.832834005355835, -1.4102660417556763, -0.023802436888217926, 0.003379048779606819, 0.0021119939628988504, 0.39635583758354187, 3.9412734508514404, -0.933943510055542, -0.04283338785171509, 0.0014238948933780193, -0.004992529284209013, -0.648697018623352, -0.818454384803772, -0.007122077979147434, -0.009468993172049522, 0.005949742626398802, 0.018182529136538506, -0.2678363621234894, 0.8222179412841797, 0.2585139274597168, -0.0031307826284319162, -0.002300884807482362, -1.4203767477738438e-06, -1.0, -0.7163991332054138, -1.0, -0.692470371723175, 0.2125532627105713, -0.4908950924873352, 0.20385736227035522, -0.18344804644584656, 0.9484096169471741, 1.0, -1.0, 1.0, 1.0, 0.171085387468338, 1.0, 1.0, -1.0, -1.0, -1.0, 1.0]
[-0.8964559435844421, -0.26690271496772766, -0.2122005969285965, -0.568581223487854, 0.17681151628494263, 0.16995222866535187, -0.5925660729408264, 0.4552742540836334, -0.2769409418106079, -0.33138999342918396, 0.342540442943573, 0.5762773752212524, -0.9772631525993347, -0.862576961517334, 0.5058181285858154, 0.6892504692077637, 0.33205917477607727, 0.5184987187385559, 0.4995634853839874, 0.8482369184494019, -0.9611594080924988, -0.3139771819114685, -0.8458297848701477, 0.8801311254501343, -0.12297707051038742, -0.5940768122673035, -0.2345239222049713, -0.46393999457359314, -0.03652253374457359, -0.041431259363889694, -0.21870863437652588, 0.10409193485975266, -0.3881118893623352, 0.006295736413449049, 0.5238221883773804, 0.30549508333206177, -0.02318919263780117, -0.0026955490466207266, 0.2956663966178894, 0.13651715219020844, 0.18704745173454285, 0.8835241198539734, 1.1126172542572021, 0.35108843445777893, -0.02791675738990307, -0.31109619140625, -0.17748785018920898, 0.21349196135997772, 0.9566212892532349, -2.1442582607269287, 0.02212495356798172, -0.09245473891496658, -0.0064026289619505405, -0.0012410650961101055, 0.008176438510417938, -0.11742934584617615, -0.07543501257896423, -0.044015999883413315, -0.007220171391963959, -0.11720574647188187, -0.046063777059316635, -0.015903092920780182, -0.09883879125118256, 0.021038886159658432, -0.028026403859257698, -0.0078104715794324875, -0.011932794004678726, 0.019037941470742226, -0.092091865837574, -0.035408005118370056, -0.021425433456897736, -0.007039118092507124, 0.026256138458848, -0.4129602909088135, 0.500034749507904, -0.6727206110954285, 0.3646254241466522, -0.6043325662612915, 0.2219850867986679, 0.10522498190402985, -0.21977943181991577, -0.4800197184085846, 1.9880012273788452, -0.6070929765701294, 1.2577100992202759, 0.0, -0.38999998569488525, 0.47999998927116394, -0.6623125672340393, 0.30807608366012573, -0.5883525013923645, 0.3468034863471985, -0.057930462062358856, 0.05360487848520279, -0.1132260337471962, 0.9904294610023499, 0.05478613078594208, -0.43405401706695557, 0.48980167508125305, -0.05447003245353699, 0.16523833572864532, 0.9510706663131714, -0.2553309500217438, 0.22017519176006317, -0.06693558394908905, -0.5531331896781921, 5.139020919799805, 2.4041831493377686, 1.7996386289596558, 0.0638865977525711, -0.40400150418281555, 0.5238549709320068, -0.09000275284051895, 0.1832476407289505, 0.9284265041351318, -0.3103933334350586, 0.17652662098407745, -0.11794237047433853, -0.3377964198589325, 3.907818555831909, 1.8788772821426392, 1.731062412261963, 0.07996533066034317, -0.3999694883823395, 0.5235470533370972, 0.05418768897652626, -0.22589685022830963, 0.9591460227966309, -0.16147153079509735, 0.058786824345588684, 0.0022154601756483316, -0.33832401037216187, 1.04718017578125, 1.456922173500061, -1.8707364797592163, 0.05369049683213234, -0.36595115065574646, 0.5405951738357544, -0.20105117559432983, 0.7454435229301453, 0.618962287902832, 0.14414575695991516, 0.11534130573272705, 0.03733255714178085, -0.39552342891693115, -6.835864543914795, -1.3698046207427979, -5.381014823913574, -0.017819799482822418, -0.390580415725708, 0.46684274077415466, 0.38077330589294434, -0.8146895170211792, 0.38145020604133606, 0.2139824777841568, -0.02924862876534462, 0.13183580338954926, -0.3375275433063507, 3.9574179649353027, 2.994262933731079, -0.6133422255516052, 0.15766403079032898, -0.2654559016227722, -0.5443004369735718, -0.005222903564572334, 0.0006435742252506316, -0.00012075951235601678, 0.23643678426742554, 0.7364409565925598, -0.9279482364654541, -0.03296938166022301, 0.000984044629149139, -0.0007597404182888567, 0.04259967803955078, 0.6363307237625122, -0.5055795311927795, -0.0063581326976418495, -0.0008619080763310194, 0.002863318892195821, 0.14779949188232422, -0.14229388535022736, -0.214729905128479, -0.014067200943827629, -0.002973349532112479, 0.002985030645504594, -0.2955789268016815, 0.6010586619377136, 0.2394259124994278, -0.002364855259656906, -0.00230985414236784, -0.0003027991042472422, -1.0, -0.8809081315994263, -1.0, -0.66219162940979, 0.34013181924819946, -0.7247390151023865, 0.3045479357242584, -0.6238627433776855, 0.9271945953369141, 1.0, -1.0, 1.0, 1.0, 0.35850217938423157, 1.0, 1.0, -1.0, -1.0, -1.0, 1.0]
